0 0.9495192307692308 0.07451923076923077 0.03365384615384616 0.06730769230769232
0 0.7776442307692308 0.03485576923076923 0.04567307692307693 0.06490384615384616
0 0.04807692307692308 0.02403846153846154 0.04326923076923077 0.04326923076923077
0 0.9350961538461539 0.3497596153846154 0.03365384615384616 0.05048076923076923
0 0.7704326923076924 0.2932692307692308 0.05528846153846154 0.05288461538461539
0 0.6850961538461539 0.11177884615384616 0.09134615384615385 0.05048076923076923
0 0.6274038461538461 0.15985576923076925 0.057692307692307696 0.05048076923076923
0 0.6959134615384616 0.15264423076923078 0.07932692307692309 0.0889423076923077
0 0.43149038461538464 0.1514423076923077 0.06009615384615385 0.07211538461538462
0 0.5793269230769231 0.22115384615384617 0.057692307692307696 0.07692307692307693
0 0.65625 0.31009615384615385 0.06730769230769232 0.05288461538461539
0 0.14302884615384617 0.2199519230769231 0.06009615384615385 0.07451923076923077
0 0.038461538461538464 0.39903846153846156 0.038461538461538464 0.05288461538461539
0 0.11057692307692309 0.5168269230769231 0.08173076923076923 0.06730769230769232
0 0.08052884615384616 0.5552884615384616 0.05048076923076923 0.04326923076923077
0 0.4867788461538462 0.5204326923076923 0.4591346153846154 0.49278846153846156
