0 0.9640625 0.24413145539906103 0.034375 0.028169014084507043
0 0.9109375000000001 0.3028169014084507 0.028125 0.04225352112676056
0 0.8812500000000001 0.4272300469483568 0.037500000000000006 0.03755868544600939
0 0.7234375000000001 0.13615023474178403 0.10312500000000001 0.2347417840375587
0 0.49843750000000003 0.07042253521126761 0.065625 0.06572769953051644
0 0.203125 0.03051643192488263 0.0625 0.051643192488262914
0 0.284375 0.1596244131455399 0.025 0.046948356807511735
0 0.20468750000000002 0.15023474178403756 0.040625 0.056338028169014086
0 0.384375 0.33098591549295775 0.0625 0.051643192488262914
0 0.2890625 0.27699530516431925 0.021875000000000002 0.03755868544600939
0 0.22812500000000002 0.46009389671361506 0.03125 0.046948356807511735
0 0.17500000000000002 0.5610328638497653 0.043750000000000004 0.04225352112676056
0 0.0171875 0.5352112676056339 0.028125 0.046948356807511735
0 0.07187500000000001 0.676056338028169 0.03125 0.028169014084507043
0 0.140625 0.7676056338028169 0.025 0.04225352112676056
0 0.1125 0.8403755868544601 0.037500000000000006 0.046948356807511735
0 0.203125 0.6807511737089202 0.07500000000000001 0.12206572769953052
0 0.540625 0.5938967136150235 0.037500000000000006 0.04225352112676056
0 0.5578125 0.6314553990610329 0.040625 0.051643192488262914
0 0.7328125000000001 0.619718309859155 0.321875 0.4507042253521127
0 0.35625 0.6150234741784038 0.28750000000000003 0.36619718309859156
