0 0.7934027777777777 0.37109375 0.03819444444444444 0.0234375
0 0.7335069444444444 0.240234375 0.21701388888888887 0.1171875
0 0.6545138888888888 0.35546875 0.17708333333333331 0.09765625
0 0.4939236111111111 0.37060546875 0.08506944444444443 0.0458984375
0 0.7942708333333333 0.6064453125 0.10243055555555555 0.078125
0 0.9661458333333333 0.748046875 0.06770833333333333 0.072265625
0 0.8810763888888888 0.83642578125 0.07465277777777778 0.0322265625
0 0.8038194444444444 0.96826171875 0.16666666666666666 0.0634765625
0 0.34809027777777773 0.466796875 0.11284722222222221 0.0546875
0 0.5390625 0.71630859375 0.078125 0.0341796875
0 0.45138888888888884 0.69873046875 0.12152777777777778 0.0595703125
0 0.11284722222222221 0.49560546875 0.06597222222222222 0.0361328125
0 0.2734375 0.6171875 0.057291666666666664 0.0234375
0 0.703125 0.46240234375 0.0625 0.0244140625
0 0.2664930555555555 0.97412109375 0.03993055555555555 0.0263671875
0 0.32465277777777773 0.94140625 0.10069444444444443 0.056640625
0 0.12934027777777776 0.77685546875 0.057291666666666664 0.0458984375
0 0.03298611111111111 0.39990234375 0.034722222222222224 0.0341796875
