0 0.93359375 0.48515625 0.1328125 0.30781250000000004
0 0.89375 0.80234375 0.19375 0.3328125
0 0.6843750000000001 0.26484375 0.203125 0.27968750000000003
0 0.56796875 0.26328125 0.1484375 0.4296875
0 0.6062500000000001 0.45625000000000004 0.22812500000000002 0.28125
0 0.60546875 0.7273437500000001 0.1609375 0.2671875
0 0.41015625 0.81640625 0.15781250000000002 0.2921875
0 0.21875 0.9437500000000001 0.15625 0.1125
0 0.30390625000000004 0.35703125 0.2234375 0.3140625
0 0.52890625 0.7312500000000001 0.2171875 0.38125000000000003
