0 0.9227430555555555 0.16259765625 0.15451388888888887 0.1337890625
0 0.8732638888888888 0.04296875 0.08680555555555555 0.06640625
0 0.7421875 0.05322265625 0.18229166666666666 0.1044921875
0 0.9088541666666666 0.32568359375 0.18229166666666666 0.0712890625
0 0.9036458333333333 0.51708984375 0.19270833333333331 0.1591796875
0 0.7977430555555555 0.50048828125 0.1440972222222222 0.0439453125
0 0.7769097222222222 0.63525390625 0.2065972222222222 0.0908203125
0 0.890625 0.83935546875 0.21875 0.1103515625
0 0.9149305555555555 0.8974609375 0.17013888888888887 0.08984375
0 0.71875 0.41748046875 0.1284722222222222 0.0439453125
0 0.7161458333333333 0.73046875 0.3038194444444444 0.1328125
0 0.7465277777777778 0.12548828125 0.14930555555555555 0.0693359375
0 0.6701388888888888 0.1748046875 0.13541666666666666 0.10546875
0 0.5477430555555556 0.244140625 0.22743055555555555 0.103515625
0 0.6293402777777778 0.31689453125 0.17881944444444445 0.1123046875
0 0.47482638888888884 0.06103515625 0.1440972222222222 0.1201171875
0 0.3098958333333333 0.1083984375 0.24826388888888887 0.162109375
0 0.28559027777777773 0.19873046875 0.2065972222222222 0.0732421875
0 0.3732638888888889 0.26953125 0.22916666666666666 0.091796875
0 0.1171875 0.2333984375 0.203125 0.107421875
0 0.28385416666666663 0.294921875 0.19618055555555555 0.095703125
0 0.4505208333333333 0.453125 0.21006944444444442 0.142578125
0 0.6059027777777778 0.5869140625 0.17013888888888887 0.0546875
0 0.5355902777777778 0.72216796875 0.08159722222222222 0.0634765625
0 0.43576388888888884 0.62060546875 0.10416666666666666 0.1005859375
0 0.11545138888888888 0.5205078125 0.11284722222222221 0.068359375
0 0.23090277777777776 0.58837890625 0.14583333333333331 0.0927734375
0 0.2786458333333333 0.6865234375 0.296875 0.09375
0 0.47482638888888884 0.77783203125 0.21354166666666666 0.0576171875
0 0.5520833333333333 0.8505859375 0.08680555555555555 0.087890625
0 0.16840277777777776 0.7109375 0.21180555555555555 0.091796875
0 0.3055555555555555 0.78662109375 0.13194444444444445 0.1064453125
0 0.11631944444444443 0.78515625 0.06944444444444445 0.0546875
0 0.14583333333333331 0.859375 0.1111111111111111 0.080078125
