0 0.9807692307692308 0.030048076923076924 0.038461538461538464 0.04567307692307693
0 0.9639423076923077 0.109375 0.07211538461538462 0.0889423076923077
0 0.8810096153846154 0.12980769230769232 0.05528846153846154 0.07211538461538462
0 0.8173076923076924 0.054086538461538464 0.09615384615384616 0.0889423076923077
0 0.7668269230769231 0.054086538461538464 0.12980769230769232 0.10336538461538462
0 0.8028846153846154 0.14302884615384617 0.10096153846153846 0.07451923076923077
0 0.7415865384615385 0.10096153846153846 0.08413461538461539 0.06730769230769232
0 0.7163461538461539 0.171875 0.09134615384615385 0.10817307692307693
0 0.6574519230769231 0.09375 0.10817307692307693 0.13942307692307693
0 0.5709134615384616 0.10576923076923078 0.05048076923076923 0.08173076923076923
0 0.5036057692307693 0.030048076923076924 0.03605769230769231 0.05528846153846154
0 0.9735576923076924 0.4086538461538462 0.05288461538461539 0.125
0 0.8461538461538463 0.3870192307692308 0.07211538461538462 0.08173076923076923
0 0.905048076923077 0.4098557692307693 0.0889423076923077 0.09855769230769232
0 0.9495192307692308 0.5180288461538461 0.10096153846153846 0.07451923076923077
0 0.9639423076923077 0.6225961538461539 0.07211538461538462 0.08173076923076923
0 0.9338942307692308 0.9254807692307693 0.07932692307692309 0.06730769230769232
0 0.951923076923077 0.8137019230769231 0.04326923076923077 0.07932692307692309
0 0.9110576923076924 0.8533653846153847 0.057692307692307696 0.08653846153846154
0 0.8569711538461539 0.2728365384615385 0.07451923076923077 0.16586538461538464
0 0.6646634615384616 0.28605769230769235 0.06490384615384616 0.14903846153846154
0 0.7415865384615385 0.3629807692307693 0.13221153846153846 0.12980769230769232
0 0.8521634615384616 0.5168269230769231 0.09855769230769232 0.09134615384615385
0 0.8653846153846154 0.5721153846153847 0.08653846153846154 0.10096153846153846
0 0.5721153846153847 0.1826923076923077 0.02403846153846154 0.0625
0 0.764423076923077 0.5420673076923077 0.09134615384615385 0.17067307692307693
0 0.6346153846153847 0.4290865384615385 0.04807692307692308 0.07451923076923077
0 0.670673076923077 0.5348557692307693 0.02403846153846154 0.09855769230769232
0 0.7271634615384616 0.6057692307692308 0.09855769230769232 0.12980769230769232
0 0.8137019230769231 0.7512019230769231 0.13221153846153846 0.14182692307692307
0 0.8509615384615385 0.7860576923076924 0.06730769230769232 0.11057692307692309
0 0.8569711538461539 0.8713942307692308 0.10336538461538462 0.2572115384615385
0 0.6899038461538461 0.7115384615384616 0.08173076923076923 0.11057692307692309
0 0.7127403846153847 0.8377403846153847 0.12740384615384617 0.15625
0 0.43509615384615385 0.12740384615384617 0.03365384615384616 0.04326923076923077
0 0.4555288461538462 0.2608173076923077 0.03125 0.06490384615384616
0 0.4074519230769231 0.2451923076923077 0.03605769230769231 0.09615384615384616
0 0.5276442307692308 0.3004807692307693 0.12259615384615385 0.20673076923076925
0 0.59375 0.33052884615384615 0.0625 0.07451923076923077
0 0.5588942307692308 0.4447115384615385 0.10817307692307693 0.19230769230769232
0 0.4903846153846154 0.390625 0.07211538461538462 0.09375
0 0.4338942307692308 0.3737980769230769 0.11778846153846155 0.1466346153846154
0 0.43509615384615385 0.46274038461538464 0.04807692307692308 0.08413461538461539
0 0.44711538461538464 0.546875 0.05288461538461539 0.06971153846153846
0 0.3665865384615385 0.054086538461538464 0.0889423076923077 0.07932692307692309
0 0.2776442307692308 0.0889423076923077 0.10817307692307693 0.10576923076923078
0 0.30649038461538464 0.20673076923076925 0.07451923076923077 0.06730769230769232
0 0.17668269230769232 0.028846153846153848 0.07932692307692309 0.05288461538461539
0 0.10697115384615385 0.04807692307692308 0.0889423076923077 0.09134615384615385
0 0.18509615384615385 0.17067307692307693 0.04807692307692308 0.07692307692307693
0 0.09014423076923077 0.2199519230769231 0.06009615384615385 0.07932692307692309
0 0.11538461538461539 0.32211538461538464 0.06730769230769232 0.13942307692307693
0 0.11778846153846155 0.41466346153846156 0.05288461538461539 0.07451923076923077
0 0.09495192307692309 0.14423076923076925 0.03605769230769231 0.07211538461538462
0 0.2884615384615385 0.4278846153846154 0.08173076923076923 0.125
0 0.3185096153846154 0.530048076923077 0.06971153846153846 0.06009615384615385
0 0.359375 0.5997596153846154 0.05048076923076923 0.08413461538461539
0 0.23918269230769232 0.5120192307692308 0.0889423076923077 0.08653846153846154
0 0.29086538461538464 0.5853365384615385 0.0625 0.08413461538461539
0 0.4675480769230769 0.6298076923076923 0.040865384615384616 0.07211538461538462
0 0.5132211538461539 0.6923076923076923 0.06009615384615385 0.12980769230769232
0 0.5516826923076923 0.6995192307692308 0.05048076923076923 0.07692307692307693
0 0.5745192307692308 0.7668269230769231 0.10576923076923078 0.10096153846153846
0 0.6009615384615385 0.920673076923077 0.0625 0.08653846153846154
0 0.3401442307692308 0.703125 0.09375 0.0889423076923077
0 0.38341346153846156 0.7908653846153847 0.05528846153846154 0.04326923076923077
0 0.4723557692307693 0.8473557692307693 0.06971153846153846 0.06971153846153846
0 0.43509615384615385 0.8930288461538463 0.038461538461538464 0.08413461538461539
0 0.3713942307692308 0.951923076923077 0.08413461538461539 0.09134615384615385
0 0.31730769230769235 0.8052884615384616 0.1201923076923077 0.09134615384615385
0 0.2572115384615385 0.8076923076923077 0.07211538461538462 0.2451923076923077
0 0.2043269230769231 0.6766826923076923 0.06730769230769232 0.07932692307692309
0 0.14783653846153846 0.5973557692307693 0.11298076923076923 0.11298076923076923
0 0.03365384615384616 0.5492788461538461 0.0625 0.13221153846153846
0 0.0625 0.65625 0.07692307692307693 0.11057692307692309
0 0.10576923076923078 0.7007211538461539 0.10096153846153846 0.15625
0 0.07932692307692309 0.795673076923077 0.07211538461538462 0.08173076923076923
0 0.15024038461538464 0.8137019230769231 0.10336538461538462 0.2091346153846154
0 0.1514423076923077 0.9651442307692308 0.10576923076923078 0.06971153846153846
0 0.09134615384615385 0.9459134615384616 0.07692307692307693 0.10336538461538462
0 0.040865384615384616 0.953125 0.07692307692307693 0.09375
