0 0.83203125 0.36250000000000004 0.035937500000000004 0.078125
0 0.9546875 0.9453125 0.0625 0.10625000000000001
0 0.22031250000000002 0.17500000000000002 0.040625 0.059375000000000004
0 0.5554687500000001 0.5296875 0.060937500000000006 0.053125000000000006
0 0.5734375 0.8234375 0.025 0.03125
0 0.46875 0.8210937500000001 0.034375 0.029687500000000002
0 0.02421875 0.47968750000000004 0.029687500000000002 0.037500000000000006
0 0.240625 0.603125 0.040625 0.034375
0 0.515625 0.31093750000000003 0.018750000000000003 0.025
0 0.4921875 0.44921875 0.059375000000000004 0.1921875
