0 0.9302884615384616 0.04326923076923077 0.07211538461538462 0.08173076923076923
0 0.8653846153846154 0.15504807692307693 0.06730769230769232 0.09855769230769232
0 0.8401442307692308 0.04807692307692308 0.0889423076923077 0.09134615384615385
0 0.7872596153846154 0.04447115384615385 0.11778846153846155 0.08413461538461539
0 0.7223557692307693 0.07091346153846154 0.0889423076923077 0.08413461538461539
0 0.7451923076923077 0.15625 0.11057692307692309 0.1201923076923077
0 0.8125 0.24879807692307693 0.05288461538461539 0.07451923076923077
0 0.9242788461538463 0.35697115384615385 0.12259615384615385 0.1466346153846154
0 0.9807692307692308 0.47355769230769235 0.038461538461538464 0.07692307692307693
0 0.9278846153846154 0.47355769230769235 0.057692307692307696 0.07692307692307693
0 0.9699519230769231 0.7740384615384616 0.06009615384615385 0.11538461538461539
0 0.9819711538461539 0.9182692307692308 0.03605769230769231 0.11057692307692309
0 0.6634615384615385 0.14543269230769232 0.0625 0.07932692307692309
0 0.5492788461538461 0.0733173076923077 0.11298076923076923 0.12740384615384617
0 0.1514423076923077 0.040865384615384616 0.09134615384615385 0.07692307692307693
0 0.05288461538461539 0.037259615384615384 0.10096153846153846 0.06971153846153846
0 0.6382211538461539 0.21634615384615385 0.07932692307692309 0.09615384615384616
0 0.65625 0.2956730769230769 0.09615384615384616 0.125
0 0.6971153846153847 0.4098557692307693 0.07211538461538462 0.15625
0 0.7740384615384616 0.6694711538461539 0.10576923076923078 0.14182692307692307
0 0.7992788461538461 0.890625 0.12740384615384617 0.18509615384615385
0 0.6778846153846154 0.8413461538461539 0.11538461538461539 0.12980769230769232
0 0.576923076923077 0.8377403846153847 0.11057692307692309 0.13221153846153846
0 0.5288461538461539 0.9663461538461539 0.11538461538461539 0.06730769230769232
0 0.4711538461538462 0.8834134615384616 0.15384615384615385 0.15625
0 0.33052884615384615 0.8329326923076924 0.08413461538461539 0.11298076923076923
0 0.1670673076923077 0.936298076923077 0.11298076923076923 0.10817307692307693
0 0.3004807692307693 0.9591346153846154 0.08653846153846154 0.08173076923076923
0 0.19110576923076925 0.8689903846153847 0.11298076923076923 0.10817307692307693
0 0.21634615384615385 0.7728365384615385 0.08173076923076923 0.11778846153846155
0 0.3161057692307693 0.12379807692307693 0.0889423076923077 0.12259615384615385
0 0.6021634615384616 0.3762019230769231 0.09375 0.09855769230769232
0 0.5733173076923077 0.2872596153846154 0.06490384615384616 0.10817307692307693
0 0.5396634615384616 0.2295673076923077 0.07932692307692309 0.12259615384615385
0 0.4795673076923077 0.25480769230769235 0.09375 0.10576923076923078
0 0.45432692307692313 0.19591346153846154 0.10576923076923078 0.13221153846153846
0 0.3293269230769231 0.34134615384615385 0.07692307692307693 0.10576923076923078
0 0.14903846153846154 0.30528846153846156 0.07692307692307693 0.08173076923076923
0 0.5432692307692308 0.5096153846153847 0.11057692307692309 0.15865384615384617
0 0.4831730769230769 0.4951923076923077 0.10576923076923078 0.11057692307692309
0 0.3185096153846154 0.5132211538461539 0.12740384615384617 0.17067307692307693
0 0.2572115384615385 0.4807692307692308 0.10576923076923078 0.17307692307692307
0 0.23076923076923078 0.30528846153846156 0.07692307692307693 0.07211538461538462
0 0.18149038461538464 0.5973557692307693 0.10817307692307693 0.12740384615384617
0 0.03605769230769231 0.639423076923077 0.06730769230769232 0.12980769230769232
0 0.03125 0.936298076923077 0.057692307692307696 0.12740384615384617
