0 0.546875 0.44166666666666665 0.15000000000000002 0.21666666666666667
0 0.084375 0.475 0.05625 0.058333333333333334
0 0.125 0.475 0.03125 0.03333333333333333
0 0.03125 0.4791666666666667 0.037500000000000006 0.03333333333333333
0 0.07187500000000001 0.39791666666666664 0.025 0.029166666666666667
0 0.4453125 0.29791666666666666 0.015625 0.020833333333333332
0 0.6156250000000001 0.96875 0.1 0.0625
0 0.1203125 0.6729166666666666 0.021875000000000002 0.029166666666666667
0 0.09531250000000001 0.7208333333333333 0.028125 0.03333333333333333
0 0.028125 0.016666666666666666 0.025 0.025
0 0.059375000000000004 0.07916666666666666 0.018750000000000003 0.025
0 0.05 0.16458333333333333 0.03125 0.029166666666666667
