0 0.90625 0.06971153846153846 0.11538461538461539 0.13461538461538464
0 0.9411057692307693 0.7475961538461539 0.11778846153846155 0.1826923076923077
0 0.8990384615384616 0.16947115384615385 0.13461538461538464 0.12259615384615385
0 0.9002403846153847 0.28605769230769235 0.19951923076923078 0.27884615384615385
0 0.7584134615384616 0.21033653846153846 0.14182692307692307 0.2091346153846154
0 0.8870192307692308 0.40384615384615385 0.15384615384615385 0.15865384615384617
0 0.8233173076923077 0.4411057692307693 0.09855769230769232 0.18990384615384617
0 0.8942307692307693 0.5793269230769231 0.20192307692307693 0.22115384615384617
0 0.7716346153846154 0.7548076923076924 0.11057692307692309 0.16346153846153846
0 0.530048076923077 0.06971153846153846 0.11778846153846155 0.13461538461538464
0 0.4447115384615385 0.12740384615384617 0.10096153846153846 0.1826923076923077
0 0.5901442307692308 0.39543269230769235 0.05048076923076923 0.15625
0 0.5841346153846154 0.608173076923077 0.08653846153846154 0.10096153846153846
0 0.5649038461538461 0.6646634615384616 0.14903846153846154 0.1466346153846154
0 0.3762019230769231 0.9014423076923077 0.12259615384615385 0.09134615384615385
0 0.328125 0.8882211538461539 0.17548076923076925 0.15625
0 0.5240384615384616 0.3870192307692308 0.1201923076923077 0.38461538461538464
0 0.43509615384615385 0.5084134615384616 0.11057692307692309 0.3966346153846154
0 0.3737980769230769 0.3425480769230769 0.16586538461538464 0.16586538461538464
0 0.27884615384615385 0.11778846153846155 0.1875 0.14423076923076925
0 0.2716346153846154 0.23317307692307693 0.1826923076923077 0.13942307692307693
0 0.27524038461538464 0.3197115384615385 0.16105769230769232 0.11057692307692309
0 0.11658653846153846 0.2091346153846154 0.12259615384615385 0.12980769230769232
0 0.10216346153846155 0.3701923076923077 0.18028846153846154 0.27403846153846156
0 0.2644230769230769 0.47355769230769235 0.16826923076923078 0.15384615384615385
0 0.27524038461538464 0.6201923076923077 0.2043269230769231 0.14423076923076925
0 0.17307692307692307 0.6682692307692308 0.20673076923076925 0.2980769230769231
0 0.12740384615384617 0.8605769230769231 0.1826923076923077 0.19230769230769232
0 0.06370192307692309 0.6682692307692308 0.12259615384615385 0.1826923076923077
