0 0.9632352941176471 0.5297297297297298 0.03676470588235294 0.11891891891891893
0 0.96875 0.6945945945945946 0.03308823529411765 0.08108108108108109
0 0.96875 0.8216216216216217 0.0625 0.12972972972972974
0 0.8952205882352942 0.7648648648648649 0.04044117647058824 0.05945945945945946
0 0.7775735294117647 0.7243243243243244 0.03308823529411765 0.07567567567567568
0 0.7334558823529411 0.6216216216216217 0.05514705882352941 0.06486486486486487
0 0.6746323529411765 0.5675675675675675 0.05514705882352941 0.07567567567567568
0 0.7095588235294118 0.4972972972972973 0.051470588235294115 0.0972972972972973
0 0.6415441176470588 0.7594594594594595 0.12867647058823528 0.14594594594594595
0 0.34191176470588236 0.7162162162162162 0.044117647058823525 0.05945945945945946
0 0.4540441176470588 0.8405405405405406 0.26838235294117646 0.1783783783783784
0 0.26286764705882354 0.6567567567567568 0.0625 0.0918918918918919
0 0.5735294117647058 0.5324324324324324 0.044117647058823525 0.04864864864864865
0 0.5091911764705882 0.6081081081081081 0.04779411764705882 0.08108108108108109
0 0.2665441176470588 0.06756756756756757 0.04779411764705882 0.03783783783783784
0 0.20404411764705882 0.14594594594594595 0.05514705882352941 0.05405405405405406
0 0.19669117647058823 0.1945945945945946 0.05514705882352941 0.05405405405405406
0 0.2555147058823529 0.32972972972972975 0.04779411764705882 0.07567567567567568
0 0.2077205882352941 0.3081081081081081 0.04044117647058824 0.043243243243243246
0 0.19669117647058823 0.2648648648648649 0.0625 0.07567567567567568
0 0.4522058823529412 0.3675675675675676 0.3529411764705882 0.3675675675675676
