0 0.646484375 0.40087890625 0.11848958333333333 0.1455078125
0 0.57421875 0.5400390625 0.11979166666666666 0.140625
0 0.5983072916666666 0.63330078125 0.09244791666666666 0.1142578125
0 0.7194010416666666 0.57861328125 0.33463541666666663 0.6337890625
0 0.4915364583333333 0.17822265625 0.12369791666666666 0.1142578125
0 0.3723958333333333 0.30419921875 0.22395833333333331 0.1865234375
0 0.34830729166666663 0.5087890625 0.20442708333333331 0.345703125
0 0.267578125 0.33056640625 0.28776041666666663 0.4873046875
0 0.064453125 0.3916015625 0.12630208333333331 0.255859375
0 0.13932291666666666 0.42431640625 0.109375 0.1181640625
