0 0.953125 0.04927884615384616 0.09375 0.09375
0 0.8605769230769231 0.042067307692307696 0.07211538461538462 0.07932692307692309
0 0.6790865384615385 0.09254807692307693 0.04567307692307693 0.08413461538461539
0 0.5913461538461539 0.03365384615384616 0.04326923076923077 0.0625
0 0.4375 0.0889423076923077 0.03365384615384616 0.05288461538461539
0 0.21274038461538464 0.07091346153846154 0.10817307692307693 0.11778846153846155
0 0.14783653846153846 0.11418269230769232 0.04567307692307693 0.11298076923076923
0 0.20072115384615385 0.24879807692307693 0.06971153846153846 0.05528846153846154
0 0.07572115384615385 0.109375 0.08413461538461539 0.13701923076923078
0 0.058894230769230775 0.1514423076923077 0.06009615384615385 0.09615384615384616
0 0.03365384615384616 0.20793269230769232 0.0625 0.21875
0 0.038461538461538464 0.4495192307692308 0.07211538461538462 0.12980769230769232
0 0.7716346153846154 0.90625 0.07211538461538462 0.10576923076923078
0 0.9579326923076924 0.9146634615384616 0.08413461538461539 0.16105769230769232
0 0.48197115384615385 0.8930288461538463 0.03605769230769231 0.03125
0 0.5240384615384616 0.90625 0.057692307692307696 0.09615384615384616
0 0.733173076923077 0.59375 0.125 0.1875
0 0.6778846153846154 0.4795673076923077 0.46153846153846156 0.6995192307692308
0 0.25841346153846156 0.5444711538461539 0.3581730769230769 0.6322115384615385
