0 0.94296875 0.35625 0.0859375 0.10625000000000001
0 0.95859375 0.49140625000000004 0.08281250000000001 0.1390625
0 0.93125 0.9539062500000001 0.109375 0.0921875
0 0.58046875 0.95625 0.0890625 0.08750000000000001
0 0.52734375 0.18046875 0.1296875 0.1609375
0 0.696875 0.7359375 0.096875 0.09375
0 0.65 0.8046875 0.06875 0.09375
0 0.56796875 0.7078125000000001 0.0734375 0.08125
0 0.17109375000000002 0.7046875 0.0671875 0.08125
0 0.47968750000000004 0.5875 0.153125 0.21875
0 0.33515625000000004 0.453125 0.0734375 0.084375
0 0.83359375 0.7875000000000001 0.051562500000000004 0.06875
0 0.6875 0.46406250000000004 0.359375 0.48125
