0 0.6682692307692308 0.9423076923076924 0.22596153846153846 0.11538461538461539
0 0.6610576923076923 0.7524038461538461 0.25 0.1778846153846154
0 0.4074519230769231 0.8509615384615385 0.19951923076923078 0.2932692307692308
0 0.8725961538461539 0.06850961538461539 0.2403846153846154 0.13221153846153846
0 0.6454326923076923 0.054086538461538464 0.2139423076923077 0.10336538461538462
0 0.78125 0.296875 0.28365384615384615 0.3870192307692308
0 0.75 0.5060096153846154 0.2355769230769231 0.15625
0 0.7632211538461539 0.5829326923076923 0.23798076923076925 0.18990384615384617
0 0.5564903846153847 0.5276442307692308 0.16586538461538464 0.37259615384615385
0 0.44711538461538464 0.12259615384615385 0.21634615384615385 0.2403846153846154
0 0.4206730769230769 0.3894230769230769 0.11538461538461539 0.2980769230769231
0 0.3605769230769231 0.40625 0.15384615384615385 0.4182692307692308
0 0.2199519230769231 0.11538461538461539 0.3197115384615385 0.13461538461538464
