0 0.9078125 0.56875 0.146875 0.17083333333333334
0 0.8703125 0.7229166666666667 0.16562500000000002 0.1625
0 0.68125 0.6916666666666667 0.1625 0.19166666666666665
0 0.7375 0.85 0.15000000000000002 0.3
0 0.44843750000000004 0.7416666666666667 0.19062500000000002 0.15833333333333333
0 0.5593750000000001 0.8333333333333334 0.25 0.3333333333333333
0 0.6687500000000001 0.3125 0.15000000000000002 0.16666666666666666
0 0.571875 0.4166666666666667 0.14375000000000002 0.31666666666666665
0 0.4859375 0.13333333333333333 0.15937500000000002 0.19166666666666665
0 0.384375 0.06666666666666667 0.1625 0.125
0 0.35781250000000003 0.15208333333333332 0.153125 0.15416666666666667
0 0.4 0.33958333333333335 0.28125 0.32916666666666666
0 0.10625000000000001 0.35625 0.08125 0.1125
0 0.045312500000000006 0.38958333333333334 0.084375 0.2708333333333333
0 0.19062500000000002 0.42291666666666666 0.1 0.17083333333333334
0 0.10312500000000001 0.55625 0.2 0.12916666666666665
0 0.23125 0.5270833333333333 0.18125000000000002 0.19583333333333333
0 0.25 0.7333333333333333 0.21875 0.26666666666666666
0 0.1703125 0.8916666666666666 0.140625 0.125
0 0.043750000000000004 0.8666666666666667 0.08125 0.26666666666666666
0 0.47187500000000004 0.1375 0.043750000000000004 0.06666666666666667
