0 0.9471153846153847 0.030048076923076924 0.04326923076923077 0.05528846153846154
0 0.8882211538461539 0.015625 0.06009615384615385 0.026442307692307696
0 0.8774038461538463 0.09615384615384616 0.04807692307692308 0.10576923076923078
0 0.20793269230769232 0.10817307692307693 0.09855769230769232 0.08173076923076923
0 0.7367788461538461 0.07211538461538462 0.05048076923076923 0.10576923076923078
0 0.623798076923077 0.03605769230769231 0.07932692307692309 0.06730769230769232
0 0.5276442307692308 0.042067307692307696 0.06009615384615385 0.07932692307692309
0 0.48557692307692313 0.03485576923076923 0.04807692307692308 0.06490384615384616
0 0.703125 0.17427884615384617 0.08413461538461539 0.07932692307692309
0 0.84375 0.2692307692307693 0.10576923076923078 0.14903846153846154
0 0.6610576923076923 0.21875 0.08173076923076923 0.09134615384615385
0 0.6694711538461539 0.24158653846153846 0.06009615384615385 0.13221153846153846
0 0.5588942307692308 0.17908653846153846 0.06490384615384616 0.1466346153846154
0 0.49759615384615385 0.17908653846153846 0.06730769230769232 0.12259615384615385
0 0.4326923076923077 0.171875 0.057692307692307696 0.08413461538461539
0 0.592548076923077 0.3076923076923077 0.05528846153846154 0.06730769230769232
0 0.5504807692307693 0.3028846153846154 0.04807692307692308 0.06730769230769232
0 0.8088942307692308 0.3701923076923077 0.06971153846153846 0.0625
0 0.7680288461538461 0.4026442307692308 0.07932692307692309 0.15625
0 0.6802884615384616 0.4411057692307693 0.05288461538461539 0.06971153846153846
0 0.717548076923077 0.49399038461538464 0.09855769230769232 0.06009615384615385
0 0.2247596153846154 0.6117788461538461 0.06009615384615385 0.15625
0 0.5108173076923077 0.7560096153846154 0.07451923076923077 0.2139423076923077
0 0.8822115384615385 0.7211538461538461 0.05288461538461539 0.08653846153846154
0 0.8064903846153847 0.6165865384615385 0.12259615384615385 0.2043269230769231
0 0.8293269230769231 0.8088942307692308 0.08653846153846154 0.12740384615384617
0 0.7439903846153847 0.7692307692307693 0.11778846153846155 0.13942307692307693
0 0.967548076923077 0.9182692307692308 0.06490384615384616 0.09615384615384616
0 0.8329326923076924 0.953125 0.05048076923076923 0.0889423076923077
