0 0.7163461538461539 0.12740384615384617 0.17307692307692307 0.2403846153846154
0 0.7848557692307693 0.5480769230769231 0.2716346153846154 0.3653846153846154
0 0.6838942307692308 0.3293269230769231 0.22836538461538464 0.16826923076923078
0 0.3786057692307693 0.09495192307692309 0.15625 0.16586538461538464
0 0.47836538461538464 0.2403846153846154 0.19230769230769232 0.27403846153846156
0 0.5685096153846154 0.48557692307692313 0.2043269230769231 0.1778846153846154
0 0.44230769230769235 0.6911057692307693 0.14903846153846154 0.14182692307692307
0 0.40625 0.826923076923077 0.2451923076923077 0.13942307692307693
0 0.09134615384615385 0.09735576923076923 0.13461538461538464 0.09375
0 0.2800480769230769 0.28966346153846156 0.16105769230769232 0.1514423076923077
0 0.328125 0.41466346153846156 0.18990384615384617 0.13221153846153846
0 0.14903846153846154 0.4050480769230769 0.16826923076923078 0.13221153846153846
0 0.140625 0.5048076923076923 0.12740384615384617 0.05288461538461539
0 0.10336538461538462 0.6033653846153847 0.15865384615384617 0.09615384615384616
