0 0.47135416666666663 0.0712890625 0.08159722222222222 0.04296875
0 0.4114583333333333 0.19580078125 0.04513888888888889 0.0302734375
0 0.6206597222222222 0.2509765625 0.09895833333333333 0.046875
0 0.8411458333333333 0.32763671875 0.10590277777777778 0.0634765625
0 0.6979166666666666 0.4658203125 0.09027777777777778 0.04296875
0 0.59375 0.341796875 0.1388888888888889 0.076171875
0 0.5946180555555555 0.41552734375 0.06076388888888889 0.0263671875
0 0.07899305555555555 0.4951171875 0.08506944444444443 0.060546875
0 0.44184027777777773 0.6337890625 0.06076388888888889 0.03515625
0 0.03732638888888889 0.56298828125 0.06770833333333333 0.0302734375
0 0.033854166666666664 0.59619140625 0.0642361111111111 0.0263671875
0 0.10503472222222221 0.6669921875 0.046875 0.025390625
0 0.484375 0.7236328125 0.03819444444444444 0.017578125
0 0.3576388888888889 0.81640625 0.07291666666666666 0.0390625
0 0.5590277777777778 0.87255859375 0.1875 0.1025390625
0 0.6987847222222222 0.9453125 0.11979166666666666 0.068359375
