0 0.9555288461538463 0.35697115384615385 0.07451923076923077 0.07932692307692309
0 0.7836538461538461 0.32572115384615385 0.07211538461538462 0.06971153846153846
0 0.7836538461538461 0.2139423076923077 0.16346153846153846 0.13942307692307693
0 0.8677884615384616 0.7463942307692308 0.17307692307692307 0.16105769230769232
0 0.921875 0.921875 0.15625 0.15625
0 0.24879807692307693 0.30528846153846156 0.2091346153846154 0.22115384615384617
0 0.11177884615384616 0.45793269230769235 0.15625 0.11778846153846155
0 0.09495192307692309 0.703125 0.17067307692307693 0.24759615384615385
0 0.4375 0.9122596153846154 0.1875 0.17548076923076925
0 0.3858173076923077 0.625 0.4014423076923077 0.39903846153846156
0 0.7548076923076924 0.670673076923077 0.06730769230769232 0.07211538461538462
0 0.5408653846153847 0.28966346153846156 0.0625 0.06009615384615385
0 0.5985576923076923 0.9819711538461539 0.07692307692307693 0.03605769230769231
