0 0.8571428571428571 0.06473214285714285 0.1607142857142857 0.12053571428571427
0 0.8526785714285714 0.265625 0.2589285714285714 0.29910714285714285
0 0.9464285714285714 0.40178571428571425 0.10714285714285714 0.24107142857142855
0 0.8816964285714285 0.5982142857142857 0.10267857142857142 0.20535714285714285
0 0.7589285714285714 0.5089285714285714 0.14285714285714285 0.23214285714285712
0 0.6272321428571428 0.14955357142857142 0.21875 0.2901785714285714
0 0.8705357142857142 0.7700892857142857 0.23214285714285712 0.20982142857142855
0 0.8616071428571428 0.890625 0.17857142857142855 0.1919642857142857
0 0.6830357142857143 0.9151785714285714 0.1607142857142857 0.1607142857142857
0 0.47098214285714285 0.27232142857142855 0.27232142857142855 0.3214285714285714
0 0.5535714285714285 0.6495535714285714 0.16964285714285712 0.3169642857142857
0 0.41741071428571425 0.375 0.49553571428571425 0.5
0 0.109375 0.37053571428571425 0.20982142857142855 0.3482142857142857
0 0.21205357142857142 0.7209821428571428 0.39732142857142855 0.5580357142857143
