0 0.9732142857142857 0.47544642857142855 0.05357142857142857 0.049107142857142856
0 0.9241071428571428 0.5625 0.15178571428571427 0.10714285714285714
0 0.7366071428571428 0.43303571428571425 0.13392857142857142 0.10714285714285714
0 0.7008928571428571 0.5446428571428571 0.25 0.1607142857142857
0 0.7120535714285714 0.18303571428571427 0.23660714285714285 0.16964285714285712
0 0.5245535714285714 0.11607142857142856 0.1294642857142857 0.125
0 0.421875 0.12723214285714285 0.14732142857142858 0.1294642857142857
0 0.3883928571428571 0.265625 0.24107142857142855 0.16517857142857142
0 0.29910714285714285 0.078125 0.24107142857142855 0.08482142857142856
0 0.18973214285714285 0.09375 0.20982142857142855 0.17857142857142855
0 0.14955357142857142 0.16741071428571427 0.2901785714285714 0.16517857142857142
0 0.05133928571428571 0.28348214285714285 0.09375 0.049107142857142856
0 0.5200892857142857 0.4375 0.20089285714285712 0.23214285714285712
0 0.33482142857142855 0.4040178571428571 0.16964285714285712 0.08482142857142856
0 0.34598214285714285 0.5513392857142857 0.17410714285714285 0.20089285714285712
0 0.6227678571428571 0.8482142857142857 0.18303571428571427 0.07142857142857142
0 0.49107142857142855 0.8616071428571428 0.125 0.08035714285714285
0 0.31026785714285715 0.8303571428571428 0.23660714285714285 0.11607142857142856
