0 0.6322115384615385 0.4603365384615385 0.09134615384615385 0.16586538461538464
0 0.7103365384615385 0.4326923076923077 0.29086538461538464 0.19230769230769232
0 0.44230769230769235 0.15745192307692307 0.13942307692307693 0.31009615384615385
0 0.4086538461538462 0.1983173076923077 0.07211538461538462 0.3918269230769231
0 0.2620192307692308 0.3185096153846154 0.13461538461538464 0.28125
0 0.171875 0.28365384615384615 0.07932692307692309 0.125
0 0.5625 0.5192307692307693 0.04326923076923077 0.07692307692307693
0 0.5516826923076923 0.6069711538461539 0.05528846153846154 0.09375
0 0.5024038461538461 0.5588942307692308 0.038461538461538464 0.07932692307692309
0 0.8762019230769231 0.265625 0.03605769230769231 0.06490384615384616
0 0.2536057692307692 0.6658653846153847 0.28125 0.2884615384615385
0 0.5516826923076923 0.7608173076923077 0.28125 0.22355769230769232
0 0.4338942307692308 0.9627403846153847 0.06971153846153846 0.07451923076923077
0 0.96875 0.4807692307692308 0.0625 0.08173076923076923
0 0.96875 0.9423076923076924 0.057692307692307696 0.09615384615384616
0 0.8689903846153847 0.953125 0.06490384615384616 0.07932692307692309
