0 0.9651442307692308 0.2920673076923077 0.06971153846153846 0.06009615384615385
0 0.9254807692307693 0.171875 0.13942307692307693 0.10817307692307693
0 0.8221153846153847 0.06730769230769232 0.14903846153846154 0.1201923076923077
0 0.6730769230769231 0.02403846153846154 0.03365384615384616 0.04326923076923077
0 0.7139423076923077 0.3605769230769231 0.08653846153846154 0.08173076923076923
0 0.7920673076923077 0.328125 0.002403846153846154 0.026442307692307696
0 0.8509615384615385 0.5697115384615385 0.11057692307692309 0.1826923076923077
0 0.53125 0.13461538461538464 0.07692307692307693 0.13461538461538464
0 0.4375 0.06610576923076923 0.09615384615384616 0.07932692307692309
0 0.41466346153846156 0.16947115384615385 0.11298076923076923 0.10336538461538462
0 0.07091346153846154 0.03245192307692308 0.10817307692307693 0.06009615384615385
0 0.06850961538461539 0.08653846153846154 0.08413461538461539 0.07211538461538462
0 0.125 0.16346153846153846 0.04326923076923077 0.057692307692307696
0 0.19591346153846154 0.29447115384615385 0.13701923076923078 0.11298076923076923
0 0.7596153846153847 0.4242788461538462 0.06730769230769232 0.08413461538461539
0 0.7608173076923077 0.6850961538461539 0.13701923076923078 0.21153846153846156
0 0.8990384615384616 0.7475961538461539 0.12980769230769232 0.10576923076923078
0 0.9411057692307693 0.8521634615384616 0.11778846153846155 0.12259615384615385
0 0.765625 0.8990384615384616 0.14182692307692307 0.19230769230769232
0 0.5913461538461539 0.9603365384615385 0.08173076923076923 0.07932692307692309
0 0.6334134615384616 0.8966346153846154 0.11778846153846155 0.13942307692307693
0 0.6766826923076923 0.748798076923077 0.04567307692307693 0.10336538461538462
0 0.5757211538461539 0.4651442307692308 0.13701923076923078 0.21875
0 0.640625 0.6634615384615385 0.06971153846153846 0.1201923076923077
0 0.5697115384615385 0.6682692307692308 0.09134615384615385 0.08173076923076923
0 0.5264423076923077 0.7283653846153847 0.10576923076923078 0.15865384615384617
0 0.46634615384615385 0.7620192307692308 0.08173076923076923 0.11057692307692309
0 0.35336538461538464 0.795673076923077 0.07692307692307693 0.07692307692307693
0 0.3810096153846154 0.8617788461538463 0.12740384615384617 0.23798076923076925
0 0.18389423076923078 0.8834134615384616 0.09855769230769232 0.19951923076923078
0 0.2512019230769231 0.9663461538461539 0.0889423076923077 0.06730769230769232
0 0.04807692307692308 0.8016826923076924 0.09134615384615385 0.15625
0 0.4014423076923077 0.3401442307692308 0.10576923076923078 0.07932692307692309
0 0.35697115384615385 0.41105769230769235 0.11778846153846155 0.15865384615384617
0 0.3701923076923077 0.5492788461538461 0.07692307692307693 0.09375
0 0.30649038461538464 0.4807692307692308 0.09855769230769232 0.10096153846153846
0 0.25841346153846156 0.5588942307692308 0.10336538461538462 0.16586538461538464
0 0.09375 0.39903846153846156 0.13942307692307693 0.15865384615384617
