0 0.9665178571428571 0.12723214285714285 0.06696428571428571 0.16517857142857142
0 0.8995535714285714 0.02901785714285714 0.13839285714285712 0.049107142857142856
0 0.9241071428571428 0.24107142857142855 0.10714285714285714 0.125
0 0.8415178571428571 0.13616071428571427 0.24553571428571427 0.20982142857142855
0 0.7767857142857142 0.390625 0.1607142857142857 0.12053571428571427
0 0.9107142857142857 0.6383928571428571 0.14285714285714285 0.23214285714285712
0 0.7901785714285714 0.7857142857142857 0.11607142857142856 0.2232142857142857
0 0.5625 0.2589285714285714 0.16964285714285712 0.2232142857142857
0 0.6294642857142857 0.75 0.10714285714285714 0.15178571428571427
0 0.5825892857142857 0.9330357142857142 0.10267857142857142 0.13392857142857142
0 0.5379464285714285 0.6361607142857143 0.14732142857142858 0.24553571428571427
0 0.5647321428571428 0.34375 0.11160714285714285 0.23214285714285712
0 0.19419642857142855 0.8191964285714285 0.14732142857142858 0.21875
0 0.328125 0.9330357142857142 0.13839285714285712 0.13392857142857142
0 0.40178571428571425 0.7477678571428571 0.21428571428571427 0.33482142857142855
0 0.10267857142857142 0.546875 0.17857142857142855 0.1294642857142857
0 0.28348214285714285 0.4933035714285714 0.17410714285714285 0.1919642857142857
0 0.25223214285714285 0.38169642857142855 0.09375 0.05803571428571428
0 0.34151785714285715 0.2857142857142857 0.16517857142857142 0.17857142857142855
0 0.3214285714285714 0.13616071428571427 0.3125 0.26339285714285715
0 0.140625 0.1763392857142857 0.20089285714285712 0.21875
0 0.07366071428571429 0.02901785714285714 0.12053571428571427 0.049107142857142856
