0 0.97705078125 0.6634114583333333 0.0380859375 0.15494791666666666
0 0.9267578125 0.662109375 0.0625 0.05859375
0 0.84130859375 0.888671875 0.0732421875 0.053385416666666664
0 0.85595703125 0.7955729166666666 0.0927734375 0.1015625
0 0.8642578125 0.671875 0.07421875 0.1328125
0 0.8984375 0.39127604166666663 0.046875 0.10286458333333333
0 0.89111328125 0.33072916666666663 0.0673828125 0.08072916666666666
0 0.84765625 0.3626302083333333 0.064453125 0.13671875
0 0.77392578125 0.047526041666666664 0.0830078125 0.07682291666666666
0 0.78857421875 0.091796875 0.0419921875 0.07942708333333333
0 0.7421875 0.123046875 0.083984375 0.11328125
0 0.7802734375 0.2669270833333333 0.091796875 0.11979166666666666
0 0.7890625 0.3977864583333333 0.087890625 0.13151041666666666
0 0.8056640625 0.5045572916666666 0.09375 0.16015625
0 0.68994140625 0.41861979166666663 0.0673828125 0.10807291666666666
0 0.7080078125 0.4993489583333333 0.09375 0.13671875
0 0.66748046875 0.6171875 0.0556640625 0.07552083333333333
0 0.68505859375 0.6979166666666666 0.0654296875 0.12239583333333333
0 0.63134765625 0.73828125 0.0869140625 0.0703125
0 0.64990234375 0.755859375 0.0791015625 0.17057291666666666
0 0.705078125 0.8600260416666666 0.08203125 0.17057291666666666
0 0.580078125 0.0546875 0.056640625 0.1015625
0 0.51806640625 0.07552083333333333 0.0869140625 0.14583333333333331
0 0.52001953125 0.14388020833333331 0.0478515625 0.14453125
0 0.56494140625 0.22265625 0.0458984375 0.14583333333333331
0 0.60205078125 0.41666666666666663 0.1162109375 0.15625
0 0.6240234375 0.5065104166666666 0.1015625 0.1484375
0 0.5576171875 0.9381510416666666 0.052734375 0.07421875
0 0.578125 0.8268229166666666 0.06640625 0.15625
0 0.51220703125 0.39453125 0.0693359375 0.06770833333333333
0 0.501953125 0.4837239583333333 0.07421875 0.10546875
0 0.5419921875 0.591796875 0.0546875 0.10286458333333333
0 0.49853515625 0.65234375 0.0966796875 0.12760416666666666
0 0.42236328125 0.201171875 0.0615234375 0.13932291666666666
0 0.08203125 0.06640625 0.138671875 0.12760416666666666
0 0.42724609375 0.2669270833333333 0.1064453125 0.14583333333333331
0 0.34619140625 0.19010416666666666 0.1181640625 0.125
0 0.27978515625 0.162109375 0.0517578125 0.13671875
0 0.3232421875 0.123046875 0.064453125 0.19921875
0 0.2275390625 0.18684895833333331 0.080078125 0.08463541666666666
0 0.416015625 0.490234375 0.0390625 0.09244791666666666
0 0.3447265625 0.369140625 0.072265625 0.13411458333333331
0 0.35009765625 0.4231770833333333 0.1435546875 0.11979166666666666
0 0.34228515625 0.5013020833333333 0.0751953125 0.08854166666666666
0 0.34814453125 0.5983072916666666 0.0927734375 0.11588541666666666
0 0.400390625 0.609375 0.076171875 0.13020833333333331
0 0.26318359375 0.5403645833333333 0.0771484375 0.09635416666666666
0 0.2177734375 0.44205729166666663 0.1171875 0.14973958333333331
0 0.13916015625 0.5227864583333333 0.1025390625 0.15234375
0 0.32275390625 0.685546875 0.1591796875 0.22005208333333331
0 0.234375 0.7819010416666666 0.123046875 0.17838541666666666
0 0.14697265625 0.7434895833333333 0.1259765625 0.13541666666666666
0 0.36328125 0.8248697916666666 0.095703125 0.06380208333333333
0 0.3271484375 0.884765625 0.08203125 0.11328125
0 0.33544921875 0.9505208333333333 0.1005859375 0.09895833333333333
