0 0.9399038461538463 0.39543269230769235 0.028846153846153848 0.021634615384615384
0 0.9182692307692308 0.515625 0.04807692307692308 0.04567307692307693
0 0.9110576923076924 0.6334134615384616 0.04807692307692308 0.026442307692307696
0 0.8629807692307693 0.5588942307692308 0.02403846153846154 0.03605769230769231
0 0.7992788461538461 0.5024038461538461 0.03605769230769231 0.05288461538461539
0 0.7079326923076924 0.3185096153846154 0.04567307692307693 0.07932692307692309
0 0.7259615384615385 0.4182692307692308 0.057692307692307696 0.09134615384615385
0 0.6129807692307693 0.3557692307692308 0.06730769230769232 0.10576923076923078
0 0.6418269230769231 0.4555288461538462 0.12980769230769232 0.1514423076923077
0 0.7319711538461539 0.5685096153846154 0.05048076923076923 0.05048076923076923
0 0.7391826923076924 0.6334134615384616 0.026442307692307696 0.03125
0 0.7764423076923077 0.7668269230769231 0.04807692307692308 0.0625
0 0.7043269230769231 0.6995192307692308 0.028846153846153848 0.057692307692307696
0 0.6322115384615385 0.6370192307692308 0.06730769230769232 0.1201923076923077
0 0.5048076923076923 0.4807692307692308 0.09615384615384616 0.09134615384615385
0 0.4086538461538462 0.9230769230769231 0.05288461538461539 0.057692307692307696
0 0.2091346153846154 0.6887019230769231 0.08173076923076923 0.0889423076923077
0 0.14903846153846154 0.5576923076923077 0.057692307692307696 0.07211538461538462
0 0.09495192307692309 0.6105769230769231 0.06490384615384616 0.038461538461538464
0 0.2043269230769231 0.3774038461538462 0.038461538461538464 0.05288461538461539
0 0.3449519230769231 0.4591346153846154 0.03605769230769231 0.057692307692307696
