0 0.9078212290502794 0.7122905027932961 0.18435754189944134 0.07262569832402235
0 0.8826815642458101 0.5837988826815642 0.1675977653631285 0.06145251396648045
0 0.8296089385474861 0.4916201117318436 0.30726256983240224 0.0782122905027933
0 0.7430167597765364 0.8966480446927375 0.3016759776536313 0.09497206703910614
0 0.6983240223463687 0.8100558659217877 0.2569832402234637 0.0893854748603352
0 0.31005586592178774 0.9804469273743017 0.21787709497206706 0.03910614525139665
0 0.10614525139664804 0.9329608938547487 0.1787709497206704 0.0558659217877095
0 0.4581005586592179 0.8715083798882682 0.1675977653631285 0.0558659217877095
0 0.4441340782122905 0.6927374301675978 0.21787709497206706 0.0782122905027933
0 0.2458100558659218 0.5027932960893855 0.223463687150838 0.1340782122905028
0 0.2988826815642458 0.8324022346368716 0.12849162011173185 0.0670391061452514
0 0.1340782122905028 0.8379888268156425 0.1564245810055866 0.0558659217877095
0 0.12849162011173185 0.7681564245810056 0.223463687150838 0.08379888268156425
0 0.5865921787709497 0.40782122905027934 0.8268156424581006 0.8044692737430168
