0 0.951923076923077 0.07572115384615385 0.028846153846153848 0.06009615384615385
0 0.7788461538461539 0.03365384615384616 0.04807692307692308 0.0625
0 0.9699519230769231 0.31730769230769235 0.04567307692307693 0.04326923076923077
0 0.9375 0.34855769230769235 0.03365384615384616 0.05288461538461539
0 0.7728365384615385 0.29447115384615385 0.05048076923076923 0.05048076923076923
0 0.6911057692307693 0.1514423076923077 0.06971153846153846 0.09134615384615385
0 0.6286057692307693 0.15745192307692307 0.040865384615384616 0.040865384615384616
0 0.5805288461538461 0.22235576923076925 0.05528846153846154 0.06971153846153846
0 0.4290865384615385 0.15384615384615385 0.06009615384615385 0.06730769230769232
0 0.1466346153846154 0.22235576923076925 0.06730769230769232 0.06971153846153846
0 0.03966346153846154 0.4014423076923077 0.04567307692307693 0.04807692307692308
0 0.6574519230769231 0.3197115384615385 0.07932692307692309 0.08173076923076923
0 0.4903846153846154 0.5180288461538461 0.46153846153846156 0.4879807692307693
0 0.05168269230769231 0.022836538461538464 0.05048076923076923 0.040865384615384616
