0 0.6828125 0.065625 0.178125 0.125
0 0.171875 0.1015625 0.15000000000000002 0.146875
0 0.9187500000000001 0.446875 0.14375000000000002 0.15625
0 0.61875 0.27968750000000003 0.1875 0.153125
0 0.6359375 0.3796875 0.253125 0.153125
0 0.38593750000000004 0.20625000000000002 0.15937500000000002 0.14375000000000002
0 0.7984375 0.540625 0.16562500000000002 0.08750000000000001
0 0.8859375 0.846875 0.178125 0.18125000000000002
0 0.7828125 0.9593750000000001 0.19687500000000002 0.08125
0 0.30312500000000003 0.3609375 0.19375 0.215625
0 0.6046875 0.634375 0.171875 0.125
0 0.628125 0.8125 0.16875 0.21250000000000002
0 0.0859375 0.434375 0.16562500000000002 0.24375000000000002
0 0.4296875 0.6140625000000001 0.09062500000000001 0.084375
0 0.453125 0.8859375 0.08125 0.07187500000000001
0 0.3203125 0.7390625000000001 0.15937500000000002 0.115625
0 0.2484375 0.5046875000000001 0.078125 0.109375
0 0.084375 0.8343750000000001 0.15000000000000002 0.1875
