0 0.921875 0.057692307692307696 0.14182692307692307 0.11057692307692309
0 0.9411057692307693 0.2728365384615385 0.11778846153846155 0.2956730769230769
0 0.9771634615384616 0.5637019230769231 0.04567307692307693 0.18990384615384617
0 0.5673076923076923 0.042067307692307696 0.16826923076923078 0.07932692307692309
0 0.6418269230769231 0.2728365384615385 0.16346153846153846 0.34375
0 0.5324519230769231 0.22596153846153846 0.11298076923076923 0.2451923076923077
0 0.3737980769230769 0.15865384615384617 0.13701923076923078 0.3125
0 0.05528846153846154 0.06129807692307693 0.10576923076923078 0.11778846153846155
0 0.6742788461538461 0.6322115384615385 0.22836538461538464 0.34615384615384615
0 0.5829326923076923 0.8473557692307693 0.16586538461538464 0.24278846153846156
0 0.3713942307692308 0.48197115384615385 0.12740384615384617 0.18509615384615385
0 0.22596153846153846 0.38461538461538464 0.15865384615384617 0.2403846153846154
0 0.04927884615384616 0.3269230769230769 0.0889423076923077 0.25480769230769235
0 0.19230769230769232 0.6021634615384616 0.16826923076923078 0.2764423076923077
0 0.4567307692307693 0.9387019230769231 0.16346153846153846 0.12259615384615385
0 0.4182692307692308 0.7163461538461539 0.16826923076923078 0.13461538461538464
0 0.42307692307692313 0.7403846153846154 0.16826923076923078 0.3125
