0 0.9 0.0703125 0.11875000000000001 0.13125
0 0.884375 0.20625000000000002 0.07500000000000001 0.140625
0 0.9164062500000001 0.18828125 0.1328125 0.1796875
0 0.94453125 0.8695312500000001 0.0671875 0.2171875
0 0.9171875 0.40859375000000003 0.115625 0.1234375
0 0.8921875 0.3640625 0.096875 0.12187500000000001
0 0.94140625 0.59765625 0.1171875 0.20468750000000002
0 0.8203125 0.496875 0.13125 0.178125
0 0.7875000000000001 0.359375 0.1125 0.140625
0 0.7664062500000001 0.29609375 0.1015625 0.1453125
0 0.7265625 0.27578125000000003 0.12812500000000002 0.2671875
0 0.671875 0.06953125 0.053125000000000006 0.0578125
0 0.6828125 0.13203125000000002 0.096875 0.09531250000000001
0 0.6109375 0.05625 0.05625 0.09062500000000001
0 0.6273437500000001 0.42734375 0.1265625 0.1640625
0 0.5906250000000001 0.3015625 0.08125 0.178125
0 0.41250000000000003 0.35703125 0.040625 0.07968750000000001
0 0.49531250000000004 0.30625 0.10312500000000001 0.1375
0 0.446875 0.15781250000000002 0.153125 0.19687500000000002
0 0.2515625 0.12812500000000002 0.0625 0.1125
0 0.14765625000000002 0.22968750000000002 0.1234375 0.10312500000000001
0 0.16015625 0.27968750000000003 0.0921875 0.08750000000000001
0 0.18281250000000002 0.39687500000000003 0.184375 0.259375
0 0.35234375 0.671875 0.1015625 0.140625
0 0.628125 0.9359375000000001 0.059375000000000004 0.12187500000000001
0 0.421875 0.8523437500000001 0.13125 0.1640625
0 0.5203125000000001 0.7515625 0.13125 0.146875
0 0.734375 0.84375 0.13125 0.2625
0 0.64453125 0.6937500000000001 0.1078125 0.19375
