0 0.9110576923076924 0.04326923076923077 0.0625 0.08173076923076923
0 0.8353365384615385 0.07932692307692309 0.13701923076923078 0.15384615384615385
0 0.65625 0.09254807692307693 0.19230769230769232 0.18028846153846154
0 0.7127403846153847 0.24639423076923078 0.13701923076923078 0.30528846153846156
0 0.7271634615384616 0.4495192307692308 0.3341346153846154 0.19230769230769232
0 0.5673076923076923 0.2692307692307693 0.125 0.34134615384615385
0 0.4242788461538462 0.15264423076923078 0.1514423076923077 0.29086538461538464
0 0.4675480769230769 0.34375 0.16105769230769232 0.22115384615384617
0 0.27043269230769235 0.19591346153846154 0.24759615384615385 0.3774038461538462
0 0.30168269230769235 0.5492788461538461 0.16586538461538464 0.24278846153846156
0 0.5240384615384616 0.9086538461538463 0.13942307692307693 0.14423076923076925
0 0.4411057692307693 0.7127403846153847 0.23317307692307693 0.47836538461538464
