0 0.6257812500000001 0.060937500000000006 0.0328125 0.05625
0 0.23203125000000002 0.0546875 0.0390625 0.053125000000000006
0 0.7796875000000001 0.584375 0.09062500000000001 0.1625
0 0.9812500000000001 0.21406250000000002 0.037500000000000006 0.09062500000000001
0 0.696875 0.46484375 0.018750000000000003 0.029687500000000002
0 0.5390625 0.35625 0.025 0.0625
0 0.32578125 0.2421875 0.0234375 0.018750000000000003
0 0.59140625 0.6125 0.1484375 0.12187500000000001
0 0.041406250000000006 0.5750000000000001 0.0328125 0.05
0 0.44609375 0.6429687500000001 0.029687500000000002 0.0390625
0 0.30546875 0.31953125000000004 0.0171875 0.0203125
