0 0.4903846153846154 0.15504807692307693 0.2980769230769231 0.30528846153846156
0 0.8846153846153847 0.9495192307692308 0.21153846153846156 0.10096153846153846
0 0.8137019230769231 0.8341346153846154 0.13701923076923078 0.3028846153846154
0 0.5709134615384616 0.3269230769230769 0.22836538461538464 0.40384615384615385
0 0.2776442307692308 0.1778846153846154 0.19951923076923078 0.33653846153846156
0 0.296875 0.4206730769230769 0.16586538461538464 0.25961538461538464
0 0.578125 0.6213942307692308 0.18990384615384617 0.24278846153846156
0 0.6322115384615385 0.796875 0.125 0.10817307692307693
0 0.5168269230769231 0.8557692307692308 0.19230769230769232 0.1778846153846154
0 0.47355769230769235 0.6694711538461539 0.20673076923076925 0.31009615384615385
