0 0.9735576923076924 0.109375 0.05288461538461539 0.16586538461538464
0 0.9230769230769231 0.2355769230769231 0.15384615384615385 0.11057692307692309
0 0.6754807692307693 0.1310096153846154 0.16346153846153846 0.17067307692307693
0 0.734375 0.37980769230769235 0.18028846153846154 0.22115384615384617
0 0.920673076923077 0.5865384615384616 0.15865384615384617 0.17307692307692307
0 0.8521634615384616 0.5492788461538461 0.1514423076923077 0.21875
0 0.90625 0.7560096153846154 0.1875 0.18990384615384617
0 0.7872596153846154 0.8088942307692308 0.2139423076923077 0.14182692307692307
0 0.6670673076923077 0.717548076923077 0.13701923076923078 0.19471153846153846
0 0.13822115384615385 0.057692307692307696 0.19471153846153846 0.11057692307692309
0 0.24158653846153846 0.23918269230769232 0.2091346153846154 0.30528846153846156
0 0.16105769230769232 0.2644230769230769 0.1826923076923077 0.21153846153846156
0 0.025240384615384616 0.2956730769230769 0.04567307692307693 0.07211538461538462
0 0.5192307692307693 0.7872596153846154 0.12980769230769232 0.1466346153846154
0 0.4278846153846154 0.7079326923076924 0.15865384615384617 0.16105769230769232
0 0.33774038461538464 0.7896634615384616 0.13221153846153846 0.1514423076923077
0 0.5408653846153847 0.6346153846153847 0.20673076923076925 0.2932692307692308
0 0.12259615384615385 0.5240384615384616 0.23076923076923078 0.13461538461538464
0 0.21153846153846156 0.7103365384615385 0.1826923076923077 0.06490384615384616
