0 0.9309895833333333 0.22021484375 0.13802083333333331 0.1533203125
0 0.8528645833333333 0.50341796875 0.15364583333333331 0.1181640625
0 0.67578125 0.44873046875 0.13802083333333331 0.1826171875
0 0.7356770833333333 0.52783203125 0.20833333333333331 0.1708984375
0 0.6484375 0.43994140625 0.26822916666666663 0.1787109375
0 0.5859375 0.25439453125 0.2552083333333333 0.3876953125
0 0.41666666666666663 0.42919921875 0.22135416666666666 0.1767578125
0 0.30338541666666663 0.443359375 0.15104166666666666 0.15625
0 0.11002604166666666 0.52001953125 0.20442708333333331 0.2001953125
0 0.23502604166666666 0.671875 0.26953125 0.171875
0 0.033854166666666664 0.619140625 0.06510416666666666 0.140625
0 0.5963541666666666 0.9140625 0.19270833333333331 0.171875
0 0.059244791666666664 0.82080078125 0.11588541666666666 0.2119140625
