0 0.7584134615384616 0.12259615384615385 0.3004807692307693 0.2403846153846154
0 0.9098557692307693 0.5072115384615384 0.18028846153846154 0.13942307692307693
0 0.8954326923076924 0.6574519230769231 0.2091346153846154 0.2764423076923077
0 0.9026442307692308 0.9278846153846154 0.19471153846153846 0.14423076923076925
0 0.9110576923076924 0.8016826923076924 0.1778846153846154 0.11778846153846155
0 0.6778846153846154 0.3497596153846154 0.22115384615384617 0.3245192307692308
0 0.71875 0.8149038461538461 0.23076923076923078 0.3076923076923077
0 0.5853365384615385 0.7151442307692308 0.14182692307692307 0.23317307692307693
0 0.6959134615384616 0.6201923076923077 0.10336538461538462 0.16346153846153846
0 0.48557692307692313 0.9170673076923077 0.2932692307692308 0.16586538461538464
0 0.2560096153846154 0.9375 0.2668269230769231 0.125
0 0.23197115384615385 0.24639423076923078 0.2572115384615385 0.22355769230769232
0 0.4519230769230769 0.2824519230769231 0.32211538461538464 0.3004807692307693
0 0.45072115384615385 0.43870192307692313 0.3581730769230769 0.3197115384615385
0 0.359375 0.6887019230769231 0.3822115384615385 0.24278846153846156
0 0.25 0.5721153846153847 0.40384615384615385 0.2403846153846154
0 0.13221153846153846 0.6802884615384616 0.25961538461538464 0.4278846153846154
