0 0.9732142857142857 0.7745535714285714 0.05357142857142857 0.1294642857142857
0 0.8571428571428571 0.45982142857142855 0.2857142857142857 0.2589285714285714
0 0.8370535714285714 0.5691964285714285 0.24553571428571427 0.15625
0 0.8816964285714285 0.9642857142857142 0.18303571428571427 0.07142857142857142
0 0.7790178571428571 0.8816964285714285 0.22767857142857142 0.14732142857142858
0 0.6361607142857143 0.8616071428571428 0.22767857142857142 0.16964285714285712
0 0.5714285714285714 0.8080357142857142 0.15178571428571427 0.08928571428571427
0 0.6294642857142857 0.5803571428571428 0.07142857142857142 0.13392857142857142
0 0.5669642857142857 0.06696428571428571 0.20535714285714285 0.125
0 0.546875 0.1607142857142857 0.17410714285714285 0.14285714285714285
0 0.1919642857142857 0.125 0.14285714285714285 0.11607142857142856
0 0.4888392857142857 0.375 0.23660714285714285 0.30357142857142855
0 0.45535714285714285 0.6674107142857143 0.15178571428571427 0.1919642857142857
0 0.31473214285714285 0.6026785714285714 0.2544642857142857 0.4375
0 0.06919642857142856 0.5379464285714285 0.11160714285714285 0.11160714285714285
0 0.09151785714285714 0.7388392857142857 0.17410714285714285 0.33482142857142855
0 0.11830357142857142 0.8794642857142857 0.20089285714285712 0.23214285714285712
0 0.16964285714285712 0.953125 0.16964285714285712 0.09375
