0 0.9343750000000001 0.11981566820276497 0.043750000000000004 0.05529953917050691
0 0.9593750000000001 0.532258064516129 0.05 0.12442396313364056
0 0.9671875000000001 0.6912442396313364 0.046875 0.09216589861751152
0 0.9703125 0.8433179723502304 0.059375000000000004 0.08294930875576037
0 0.8953125000000001 0.7672811059907834 0.034375 0.05069124423963134
0 0.884375 0.3870967741935484 0.025 0.03686635944700461
0 0.890625 0.3548387096774194 0.025 0.03686635944700461
0 0.8359375 0.4009216589861751 0.028125 0.04608294930875576
0 0.7828125 0.7258064516129032 0.040625 0.07834101382488479
0 0.728125 0.3986175115207373 0.043750000000000004 0.06912442396313365
0 0.7125 0.5 0.05625 0.0967741935483871
0 0.6734375 0.5622119815668203 0.053125000000000006 0.07373271889400922
0 0.7328125000000001 0.6152073732718893 0.059375000000000004 0.059907834101382486
0 0.6828125 0.41705069124423966 0.034375 0.03225806451612903
0 0.6375000000000001 0.7557603686635944 0.13125 0.15668202764976957
0 0.2734375 0.06912442396313365 0.059375000000000004 0.03686635944700461
0 0.20625000000000002 0.1336405529953917 0.06875 0.03686635944700461
0 0.19843750000000002 0.20046082949308755 0.059375000000000004 0.03225806451612903
0 0.19687500000000002 0.2626728110599078 0.0625 0.08294930875576037
0 0.2578125 0.3294930875576037 0.059375000000000004 0.07834101382488479
0 0.5125000000000001 0.6082949308755761 0.043750000000000004 0.08294930875576037
0 0.33906250000000004 0.716589861751152 0.046875 0.06912442396313365
0 0.26406250000000003 0.6543778801843319 0.059375000000000004 0.09216589861751152
0 0.3359375 0.5460829493087558 0.034375 0.041474654377880185
0 0.45937500000000003 0.8410138248847926 0.26875 0.17972350230414746
0 0.45 0.3640552995391705 0.35625 0.3686635944700461
0 0.13125 0.31105990783410137 0.025 0.05069124423963134
0 0.19062500000000002 0.6382488479262672 0.025 0.05069124423963134
0 0.1375 0.4930875576036866 0.03125 0.05529953917050691
0 0.0140625 0.22811059907834103 0.021875000000000002 0.041474654377880185
