0 0.7355769230769231 0.078125 0.057692307692307696 0.13221153846153846
0 0.6682692307692308 0.0733173076923077 0.04326923076923077 0.06009615384615385
0 0.4435096153846154 0.07692307692307693 0.040865384615384616 0.11538461538461539
0 0.43028846153846156 0.15024038461538464 0.028846153846153848 0.05048076923076923
0 0.33653846153846156 0.08293269230769232 0.04807692307692308 0.06490384615384616
0 0.20673076923076925 0.203125 0.057692307692307696 0.11298076923076923
0 0.9447115384615385 0.6574519230769231 0.05288461538461539 0.08413461538461539
0 0.026442307692307696 0.3353365384615385 0.04807692307692308 0.13221153846153846
0 0.9375 0.9290865384615385 0.07692307692307693 0.10817307692307693
0 0.6045673076923077 0.20552884615384617 0.16586538461538464 0.31009615384615385
0 0.59375 0.3581730769230769 0.05288461538461539 0.13461538461538464
0 0.7103365384615385 0.3137019230769231 0.11778846153846155 0.2091346153846154
0 0.6947115384615385 0.4338942307692308 0.05288461538461539 0.06490384615384616
0 0.7524038461538461 0.4879807692307693 0.038461538461538464 0.0625
0 0.8221153846153847 0.5516826923076923 0.05288461538461539 0.1514423076923077
0 0.8161057692307693 0.7091346153846154 0.06971153846153846 0.09615384615384616
0 0.8485576923076924 0.9098557692307693 0.14423076923076925 0.18028846153846154
0 0.7115384615384616 0.5216346153846154 0.05288461538461539 0.125
0 0.6838942307692308 0.5637019230769231 0.026442307692307696 0.05048076923076923
0 0.4903846153846154 0.3425480769230769 0.04326923076923077 0.07932692307692309
0 0.4711538461538462 0.3028846153846154 0.06730769230769232 0.07692307692307693
0 0.5240384615384616 0.5324519230769231 0.04807692307692308 0.18509615384615385
0 0.4915865384615385 0.453125 0.08413461538461539 0.12740384615384617
0 0.4170673076923077 0.41947115384615385 0.05048076923076923 0.11298076923076923
0 0.6262019230769231 0.59375 0.05528846153846154 0.125
0 0.6177884615384616 0.6935096153846154 0.057692307692307696 0.10817307692307693
0 0.7163461538461539 0.8605769230769231 0.05288461538461539 0.09615384615384616
0 0.6983173076923077 0.7259615384615385 0.09855769230769232 0.16346153846153846
0 0.6923076923076923 0.9615384615384616 0.05288461538461539 0.07692307692307693
0 0.5961538461538461 0.9699519230769231 0.05288461538461539 0.06009615384615385
0 0.6069711538461539 0.8978365384615385 0.05048076923076923 0.0889423076923077
0 0.5228365384615384 0.8401442307692308 0.03605769230769231 0.06490384615384616
0 0.34615384615384615 0.9579326923076924 0.08653846153846154 0.08413461538461539
0 0.35697115384615385 0.45793269230769235 0.06971153846153846 0.10336538461538462
0 0.3125 0.5685096153846154 0.09615384615384616 0.15625
0 0.25240384615384615 0.7283653846153847 0.11538461538461539 0.33653846153846156
0 0.109375 0.46875 0.06490384615384616 0.0625
0 0.18389423076923078 0.6670673076923077 0.05048076923076923 0.06009615384615385
0 0.20072115384615385 0.5408653846153847 0.10336538461538462 0.1826923076923077
0 0.09495192307692309 0.6045673076923077 0.12259615384615385 0.17067307692307693
