0 0.3171875 0.018750000000000003 0.021875000000000002 0.03125
0 0.6648437500000001 0.16171875000000002 0.0328125 0.029687500000000002
0 0.26406250000000003 0.17500000000000002 0.021875000000000002 0.037500000000000006
0 0.6687500000000001 0.25546875 0.0125 0.0140625
0 0.6585937500000001 0.27421875 0.0140625 0.0203125
0 0.546875 0.30234375 0.025 0.0203125
0 0.7757812500000001 0.65625 0.0171875 0.021875000000000002
0 0.31640625 0.35625 0.0140625 0.018750000000000003
0 0.31875000000000003 0.38046875 0.018750000000000003 0.0203125
0 0.15859375 0.309375 0.0203125 0.021875000000000002
0 0.1453125 0.34296875000000004 0.021875000000000002 0.0203125
0 0.246875 0.70234375 0.018750000000000003 0.0203125
0 0.34609375000000003 0.671875 0.029687500000000002 0.021875000000000002
0 0.58984375 0.5632812500000001 0.3828125 0.4609375
0 0.0234375 0.309375 0.037500000000000006 0.021875000000000002
0 0.09843750000000001 0.85546875 0.034375 0.0421875
