0 0.5444711538461539 0.07692307692307693 0.05528846153846154 0.08173076923076923
0 0.6346153846153847 0.3449519230769231 0.07211538461538462 0.10817307692307693
0 0.07211538461538462 0.19471153846153846 0.04326923076923077 0.057692307692307696
0 0.6117788461538461 0.5324519230769231 0.03125 0.040865384615384616
0 0.5084134615384616 0.48197115384615385 0.021634615384615384 0.03605769230769231
0 0.19471153846153846 0.10336538461538462 0.03365384615384616 0.038461538461538464
0 0.4483173076923077 0.3341346153846154 0.026442307692307696 0.038461538461538464
0 0.27524038461538464 0.484375 0.03605769230769231 0.03605769230769231
0 0.8990384615384616 0.8233173076923077 0.05288461538461539 0.06009615384615385
0 0.9074519230769231 0.9807692307692308 0.04567307692307693 0.038461538461538464
0 0.8064903846153847 0.8064903846153847 0.04567307692307693 0.05048076923076923
0 0.7596153846153847 0.8341346153846154 0.04326923076923077 0.05288461538461539
0 0.7283653846153847 0.6802884615384616 0.03365384615384616 0.04326923076923077
0 0.6899038461538461 0.7379807692307693 0.07211538461538462 0.08653846153846154
0 0.6117788461538461 0.671875 0.03605769230769231 0.05048076923076923
0 0.5865384615384616 0.6201923076923077 0.04807692307692308 0.05288461538461539
0 0.41586538461538464 0.6310096153846154 0.038461538461538464 0.05528846153846154
0 0.6670673076923077 0.8834134615384616 0.03125 0.04567307692307693
0 0.8149038461538461 0.5637019230769231 0.21634615384615385 0.2668269230769231
0 0.2199519230769231 0.47355769230769235 0.03605769230769231 0.04326923076923077
0 0.3665865384615385 0.8401442307692308 0.040865384615384616 0.05048076923076923
