0 0.8723958333333333 0.17724609375 0.08159722222222222 0.0498046875
0 0.8810763888888888 0.33447265625 0.1440972222222222 0.0712890625
0 0.8854166666666666 0.4375 0.059027777777777776 0.029296875
0 0.7777777777777777 0.421875 0.09722222222222221 0.0546875
0 0.3975694444444444 0.30126953125 0.11458333333333333 0.0498046875
0 0.40104166666666663 0.39697265625 0.23263888888888887 0.1142578125
0 0.27604166666666663 0.5341796875 0.08680555555555555 0.0546875
0 0.3758680555555555 0.6416015625 0.06076388888888889 0.029296875
0 0.1875 0.58740234375 0.18402777777777776 0.0986328125
0 0.2881944444444444 0.68310546875 0.0798611111111111 0.0361328125
0 0.8585069444444444 0.97265625 0.03993055555555555 0.029296875
0 0.6779513888888888 0.80419921875 0.057291666666666664 0.0419921875
0 0.49826388888888884 0.84912109375 0.06944444444444445 0.0380859375
0 0.5763888888888888 0.810546875 0.14930555555555555 0.08203125
0 0.1909722222222222 0.88623046875 0.1388888888888889 0.0771484375
0 0.11979166666666666 0.822265625 0.21527777777777776 0.115234375
