0 0.9515625000000001 0.07322175732217573 0.040625 0.0711297071129707
0 0.7796875000000001 0.0397489539748954 0.053125000000000006 0.0711297071129707
0 0.9703125 0.30962343096234307 0.046875 0.04184100418410042
0 0.9750000000000001 0.37866108786610875 0.037500000000000006 0.03765690376569037
0 0.9375 0.3493723849372385 0.037500000000000006 0.05439330543933054
0 0.7703125000000001 0.2949790794979079 0.053125000000000006 0.05439330543933054
0 0.6671875 0.11715481171548116 0.040625 0.050209205020920494
0 0.696875 0.1589958158995816 0.08125 0.10878661087866108
0 0.628125 0.1631799163179916 0.05 0.05857740585774058
0 0.5765625 0.2238493723849372 0.059375000000000004 0.0794979079497908
0 0.43125 0.1527196652719665 0.05625 0.0711297071129707
0 0.1421875 0.2196652719665272 0.065625 0.0711297071129707
0 0.22031250000000002 0.4246861924686192 0.078125 0.03765690376569037
0 0.0421875 0.40167364016736395 0.040625 0.050209205020920494
0 0.11406250000000001 0.3493723849372385 0.034375 0.02928870292887029
0 0.23125 0.4707112970711297 0.025 0.03765690376569037
0 0.20625000000000002 0.506276150627615 0.037500000000000006 0.050209205020920494
0 0.109375 0.50836820083682 0.07500000000000001 0.06276150627615062
0 0.253125 0.5230125523012552 0.018750000000000003 0.04184100418410042
0 0.23593750000000002 0.6736401673640167 0.034375 0.03347280334728033
0 0.234375 0.5794979079497907 0.025 0.03765690376569037
0 0.13125 0.5606694560669455 0.037500000000000006 0.03347280334728033
0 0.078125 0.5564853556485355 0.05625 0.050209205020920494
0 0.134375 0.28033472803347276 0.03125 0.050209205020920494
0 0.0390625 0.6297071129707112 0.034375 0.03765690376569037
0 0.065625 0.7092050209205021 0.05625 0.03765690376569037
0 0.48750000000000004 0.5230125523012552 0.45625000000000004 0.4937238493723849
0 0.5671875000000001 0.9393305439330543 0.046875 0.0711297071129707
0 0.41250000000000003 0.8682008368200836 0.03125 0.046025104602510455
0 0.3671875 0.8870292887029287 0.034375 0.050209205020920494
0 0.15937500000000002 0.805439330543933 0.043750000000000004 0.046025104602510455
0 0.0328125 0.6841004184100418 0.034375 0.06276150627615062
0 0.1296875 0.6338912133891212 0.109375 0.046025104602510455
