0 0.9262152777777777 0.31982421875 0.14756944444444445 0.1337890625
0 0.8715277777777777 0.38427734375 0.21527777777777776 0.0947265625
0 0.8003472222222222 0.4365234375 0.1875 0.08984375
0 0.9427083333333333 0.54150390625 0.11458333333333333 0.0673828125
0 0.8949652777777777 0.60791015625 0.21006944444444442 0.0458984375
0 0.9227430555555555 0.8486328125 0.15451388888888887 0.052734375
0 0.8020833333333333 0.79443359375 0.17708333333333331 0.1064453125
0 0.7491319444444444 0.9619140625 0.1579861111111111 0.076171875
0 0.6918402777777778 0.90185546875 0.19618055555555555 0.0830078125
0 0.6388888888888888 0.75390625 0.13194444444444445 0.068359375
0 0.6536458333333333 0.83740234375 0.24131944444444442 0.0947265625
0 0.4626736111111111 0.81005859375 0.3038194444444444 0.1162109375
0 0.484375 0.73828125 0.21527777777777776 0.083984375
0 0.49479166666666663 0.654296875 0.2222222222222222 0.10546875
0 0.6145833333333333 0.58642578125 0.1736111111111111 0.1181640625
0 0.5364583333333333 0.5107421875 0.1597222222222222 0.046875
0 0.6319444444444444 0.34814453125 0.1909722222222222 0.0634765625
0 0.5833333333333333 0.27587890625 0.1909722222222222 0.1474609375
0 0.4296875 0.1064453125 0.203125 0.10546875
0 0.4782986111111111 0.43505859375 0.13368055555555555 0.0380859375
0 0.421875 0.20654296875 0.17013888888888887 0.0673828125
0 0.1310763888888889 0.1015625 0.15451388888888887 0.10546875
0 0.07118055555555555 0.18017578125 0.1388888888888889 0.1455078125
0 0.40104166666666663 0.2841796875 0.125 0.08203125
0 0.09809027777777778 0.32861328125 0.1892361111111111 0.1025390625
0 0.3064236111111111 0.37841796875 0.24131944444444442 0.1142578125
0 0.20920138888888887 0.49267578125 0.21701388888888887 0.1103515625
0 0.3515625 0.5849609375 0.19618055555555555 0.052734375
0 0.3203125 0.72705078125 0.09895833333333333 0.0634765625
0 0.051215277777777776 0.62353515625 0.08506944444444443 0.0673828125
0 0.16840277777777776 0.65966796875 0.10763888888888888 0.0888671875
0 0.10503472222222221 0.71484375 0.203125 0.091796875
0 0.22135416666666666 0.8740234375 0.18229166666666666 0.064453125
0 0.06336805555555555 0.87939453125 0.109375 0.1123046875
