0 0.859375 0.26322115384615385 0.24759615384615385 0.18028846153846154
0 0.41947115384615385 0.23197115384615385 0.2620192307692308 0.15625
0 0.23918269230769232 0.296875 0.14182692307692307 0.11778846153846155
0 0.1045673076923077 0.5012019230769231 0.09375 0.06971153846153846
0 0.3509615384615385 0.33293269230769235 0.11057692307692309 0.0889423076923077
0 0.4026442307692308 0.35336538461538464 0.08413461538461539 0.08173076923076923
0 0.4483173076923077 0.5096153846153847 0.10817307692307693 0.08173076923076923
0 0.18389423076923078 0.6983173076923077 0.13221153846153846 0.10336538461538462
0 0.10096153846153846 0.859375 0.1875 0.13701923076923078
0 0.5048076923076923 0.07451923076923077 0.08173076923076923 0.07211538461538462
0 0.171875 0.3942307692307693 0.08413461538461539 0.05288461538461539
