0 0.7884615384615385 0.3870192307692308 0.0625 0.08653846153846154
0 0.8545673076923077 0.7776442307692308 0.11298076923076923 0.16105769230769232
0 0.7091346153846154 0.6370192307692308 0.038461538461538464 0.057692307692307696
0 0.5192307692307693 0.6971153846153847 0.19711538461538464 0.1826923076923077
0 0.4795673076923077 0.578125 0.06490384615384616 0.07932692307692309
0 0.4134615384615385 0.47836538461538464 0.07692307692307693 0.057692307692307696
0 0.27043269230769235 0.3125 0.05048076923076923 0.038461538461538464
0 0.18990384615384617 0.3185096153846154 0.03365384615384616 0.06971153846153846
0 0.1983173076923077 0.6454326923076923 0.04567307692307693 0.06971153846153846
0 0.22355769230769232 0.7091346153846154 0.057692307692307696 0.057692307692307696
0 0.3245192307692308 0.41105769230769235 0.057692307692307696 0.03365384615384616
0 0.3353365384615385 0.5745192307692308 0.03605769230769231 0.038461538461538464
0 0.09375 0.41586538461538464 0.0625 0.04326923076923077
0 0.0733173076923077 0.4903846153846154 0.05048076923076923 0.038461538461538464
0 0.5576923076923077 0.3401442307692308 0.3557692307692308 0.4447115384615385
