0 0.9192708333333333 0.09619140625 0.16145833333333331 0.1787109375
0 0.59375 0.04443359375 0.24305555555555555 0.0732421875
0 0.9166666666666666 0.3203125 0.16666666666666666 0.111328125
0 0.6519097222222222 0.1669921875 0.3142361111111111 0.107421875
0 0.6388888888888888 0.2294921875 0.2222222222222222 0.0546875
0 0.2204861111111111 0.0703125 0.28125 0.138671875
0 0.3784722222222222 0.169921875 0.1875 0.12890625
0 0.7473958333333333 0.43310546875 0.2204861111111111 0.0986328125
0 0.09114583333333333 0.1728515625 0.171875 0.107421875
0 0.12239583333333333 0.296875 0.21006944444444442 0.119140625
0 0.5364583333333333 0.357421875 0.14930555555555555 0.22265625
0 0.3958333333333333 0.4111328125 0.125 0.091796875
0 0.9019097222222222 0.59033203125 0.15104166666666666 0.0888671875
0 0.7777777777777777 0.52783203125 0.15277777777777776 0.1064453125
0 0.626736111111111 0.5625 0.19444444444444442 0.09375
0 0.6666666666666666 0.6279296875 0.23958333333333331 0.123046875
0 0.4539930555555555 0.64453125 0.2204861111111111 0.08984375
0 0.3020833333333333 0.58203125 0.23263888888888887 0.125
0 0.2109375 0.64013671875 0.17881944444444445 0.0986328125
0 0.07378472222222222 0.61279296875 0.13715277777777776 0.0576171875
0 0.07725694444444443 0.67236328125 0.15104166666666666 0.0693359375
0 0.2647569444444444 0.763671875 0.13715277777777776 0.099609375
0 0.36979166666666663 0.73828125 0.10416666666666666 0.060546875
0 0.8211805555555555 0.73046875 0.20138888888888887 0.095703125
0 0.712673611111111 0.7861328125 0.2552083333333333 0.123046875
0 0.5963541666666666 0.8134765625 0.1753472222222222 0.1015625
0 0.8550347222222222 0.87451171875 0.2899305555555555 0.0595703125
0 0.875 0.9365234375 0.1423611111111111 0.04296875
0 0.697048611111111 0.94287109375 0.21701388888888887 0.1142578125
0 0.13541666666666666 0.91259765625 0.21875 0.1220703125
