0 0.9593750000000001 0.13333333333333333 0.08125 0.2583333333333333
0 0.8328125000000001 0.11041666666666666 0.140625 0.12083333333333333
0 0.9578125000000001 0.61875 0.084375 0.2625
0 0.8921875 0.6479166666666667 0.065625 0.1125
0 0.9 0.45208333333333334 0.2 0.12083333333333333
0 0.7515625 0.26875 0.22812500000000002 0.2708333333333333
0 0.8078125 0.5875 0.096875 0.16666666666666666
0 0.7406250000000001 0.48125 0.125 0.17916666666666667
0 0.546875 0.26458333333333334 0.17500000000000002 0.14583333333333334
0 0.2671875 0.04583333333333333 0.16562500000000002 0.08333333333333333
0 0.44062500000000004 0.16666666666666666 0.25 0.325
0 0.26875 0.17083333333333334 0.11875000000000001 0.275
0 0.3203125 0.31666666666666665 0.15937500000000002 0.19166666666666665
0 0.134375 0.28125 0.1625 0.17083333333333334
0 0.09375 0.4479166666666667 0.14375000000000002 0.14583333333333334
0 0.6000000000000001 0.65625 0.28125 0.32916666666666666
0 0.4296875 0.5791666666666666 0.140625 0.3
0 0.3671875 0.68125 0.12812500000000002 0.17083333333333334
0 0.64375 0.8541666666666666 0.15000000000000002 0.14166666666666666
0 0.5125000000000001 0.88125 0.15625 0.2125
0 0.6218750000000001 0.9375 0.16875 0.125
