0 0.9591346153846154 0.5949519230769231 0.08173076923076923 0.13701923076923078
0 0.9002403846153847 0.40384615384615385 0.06490384615384616 0.08173076923076923
0 0.8329326923076924 0.36418269230769235 0.07451923076923077 0.09375
0 0.7620192307692308 0.8052884615384616 0.08653846153846154 0.11057692307692309
0 0.703125 0.875 0.06490384615384616 0.06730769230769232
0 0.6490384615384616 0.8329326923076924 0.07211538461538462 0.0889423076923077
0 0.7427884615384616 0.9459134615384616 0.19230769230769232 0.10817307692307693
0 0.5540865384615385 0.7908653846153847 0.05528846153846154 0.06730769230769232
0 0.6899038461538461 0.03966346153846154 0.08173076923076923 0.07451923076923077
0 0.670673076923077 0.12860576923076925 0.10576923076923078 0.13221153846153846
0 0.8245192307692308 0.1826923076923077 0.22596153846153846 0.27403846153846156
0 0.6778846153846154 0.4254807692307693 0.0625 0.07692307692307693
0 0.4050480769230769 0.0625 0.10336538461538462 0.1201923076923077
0 0.71875 0.703125 0.057692307692307696 0.07932692307692309
0 0.5540865384615385 0.46875 0.08413461538461539 0.1201923076923077
0 0.4362980769230769 0.30528846153846156 0.06490384615384616 0.06730769230769232
0 0.4338942307692308 0.4375 0.10817307692307693 0.11057692307692309
0 0.46153846153846156 0.5240384615384616 0.09134615384615385 0.08173076923076923
0 0.6045673076923077 0.6165865384615385 0.18028846153846154 0.23798076923076925
0 0.4326923076923077 0.6826923076923077 0.11538461538461539 0.14423076923076925
0 0.32211538461538464 0.7728365384615385 0.13461538461538464 0.17548076923076925
0 0.06009615384615385 0.5661057692307693 0.10096153846153846 0.09855769230769232
0 0.13701923076923078 0.3125 0.08653846153846154 0.10096153846153846
0 0.10817307692307693 0.20072115384615385 0.09615384615384616 0.12259615384615385
0 0.23197115384615385 0.3822115384615385 0.09855769230769232 0.09134615384615385
0 0.3028846153846154 0.22716346153846156 0.23076923076923078 0.28605769230769235
