0 0.8257211538461539 0.42668269230769235 0.11298076923076923 0.11778846153846155
0 0.826923076923077 0.2091346153846154 0.23076923076923078 0.40384615384615385
0 0.953125 0.9711538461538463 0.0889423076923077 0.057692307692307696
0 0.8822115384615385 0.7692307692307693 0.09134615384615385 0.27884615384615385
0 0.7884615384615385 0.7367788461538461 0.1875 0.3389423076923077
0 0.4086538461538462 0.06490384615384616 0.13461538461538464 0.125
0 0.09855769230769232 0.03966346153846154 0.11538461538461539 0.07451923076923077
0 0.11778846153846155 0.18149038461538464 0.16346153846153846 0.2716346153846154
0 0.5444711538461539 0.2536057692307692 0.1466346153846154 0.2620192307692308
0 0.625 0.33774038461538464 0.125 0.23317307692307693
0 0.6382211538461539 0.4903846153846154 0.10336538461538462 0.1826923076923077
0 0.5733173076923077 0.6466346153846154 0.17548076923076925 0.3076923076923077
0 0.4519230769230769 0.7536057692307693 0.17307692307692307 0.31009615384615385
0 0.36418269230769235 0.9074519230769231 0.19471153846153846 0.18509615384615385
0 0.34855769230769235 0.41947115384615385 0.15865384615384617 0.28605769230769235
0 0.27884615384615385 0.6838942307692308 0.14423076923076925 0.22355769230769232
0 0.19471153846153846 0.5673076923076923 0.17307692307692307 0.38461538461538464
