0 0.8076923076923077 0.6646634615384616 0.057692307692307696 0.06009615384615385
0 0.9819711538461539 0.5216346153846154 0.03605769230769231 0.057692307692307696
0 0.828125 0.9579326923076924 0.10336538461538462 0.08413461538461539
0 0.7920673076923077 0.8786057692307693 0.0889423076923077 0.07932692307692309
0 0.6983173076923077 0.8497596153846154 0.05528846153846154 0.05048076923076923
0 0.6370192307692308 0.8629807692307693 0.057692307692307696 0.05288461538461539
0 0.4915865384615385 0.9194711538461539 0.06971153846153846 0.06490384615384616
0 0.02764423076923077 0.9002403846153847 0.05048076923076923 0.09375
0 0.12139423076923078 0.3088942307692308 0.040865384615384616 0.04567307692307693
0 0.08413461538461539 0.2776442307692308 0.04807692307692308 0.04567307692307693
0 0.16947115384615385 0.6009615384615385 0.10817307692307693 0.125
0 0.5240384615384616 0.47836538461538464 0.7403846153846154 0.6923076923076923
