0 0.878125 0.1328125 0.19375 0.23750000000000002
0 0.97578125 0.515625 0.0484375 0.153125
0 0.7171875000000001 0.9460937500000001 0.321875 0.1078125
0 0.2828125 0.8984375 0.26875 0.203125
0 0.65390625 0.22109375 0.19843750000000002 0.3453125
0 0.39453125 0.10312500000000001 0.2109375 0.19375
0 0.596875 0.40937500000000004 0.18125000000000002 0.171875
0 0.6953125 0.628125 0.39687500000000003 0.35625
0 0.45156250000000003 0.35781250000000003 0.25 0.35625
0 0.29921875000000003 0.29531250000000003 0.21406250000000002 0.25
0 0.10234375000000001 0.21328125 0.1703125 0.4109375
0 0.115625 0.53359375 0.209375 0.37343750000000003
0 0.17578125 0.63203125 0.33906250000000004 0.40468750000000003
