0 0.9262152777777777 0.220703125 0.14756944444444445 0.09765625
0 0.41059027777777773 0.0830078125 0.11284722222222221 0.06640625
0 0.0876736111111111 0.234375 0.16493055555555555 0.06640625
0 0.6536458333333333 0.2431640625 0.12326388888888888 0.078125
0 0.546875 0.23291015625 0.1111111111111111 0.0478515625
0 0.6545138888888888 0.380859375 0.16666666666666666 0.091796875
0 0.5034722222222222 0.375 0.09027777777777778 0.0625
0 0.3802083333333333 0.34765625 0.09722222222222221 0.05859375
0 0.4583333333333333 0.4482421875 0.08680555555555555 0.05078125
0 0.2864583333333333 0.3955078125 0.20138888888888887 0.09765625
0 0.06684027777777778 0.451171875 0.13020833333333331 0.056640625
0 0.11458333333333333 0.5400390625 0.14583333333333331 0.05859375
0 0.1796875 0.91455078125 0.1579861111111111 0.0498046875
0 0.8029513888888888 0.802734375 0.18229166666666666 0.080078125
0 0.5633680555555555 0.77392578125 0.11979166666666666 0.0576171875
