0 0.8846153846153847 0.3449519230769231 0.05288461538461539 0.0889423076923077
0 0.7620192307692308 0.32572115384615385 0.03365384615384616 0.07451923076923077
0 0.5793269230769231 0.16105769230769232 0.038461538461538464 0.057692307692307696
0 0.6730769230769231 0.3918269230769231 0.028846153846153848 0.05288461538461539
0 0.5877403846153847 0.36899038461538464 0.06490384615384616 0.05048076923076923
0 0.5637019230769231 0.453125 0.03125 0.040865384615384616
0 0.4338942307692308 0.49759615384615385 0.09375 0.10096153846153846
0 0.8257211538461539 0.8149038461538461 0.2043269230769231 0.20192307692307693
0 0.920673076923077 0.8413461538461539 0.15865384615384617 0.31730769230769235
0 0.2884615384615385 0.3293269230769231 0.4711538461538462 0.6298076923076923
