0 0.842548076923077 0.18629807692307693 0.29086538461538464 0.2620192307692308
0 0.6947115384615385 0.2800480769230769 0.2884615384615385 0.21875
0 0.8858173076923077 0.6213942307692308 0.09855769230769232 0.13221153846153846
0 0.4603365384615385 0.19951923076923078 0.11298076923076923 0.16346153846153846
0 0.2403846153846154 0.1045673076923077 0.14903846153846154 0.16105769230769232
0 0.3870192307692308 0.12980769230769232 0.25 0.25480769230769235
0 0.09975961538461539 0.4170673076923077 0.0889423076923077 0.06490384615384616
0 0.4326923076923077 0.390625 0.13942307692307693 0.14182692307692307
0 0.5588942307692308 0.5516826923076923 0.29086538461538464 0.2764423076923077
0 0.5528846153846154 0.8834134615384616 0.10576923076923078 0.22355769230769232
0 0.3942307692307693 0.6670673076923077 0.125 0.09855769230769232
0 0.2692307692307693 0.4711538461538462 0.25 0.14903846153846154
0 0.45072115384615385 0.7872596153846154 0.17548076923076925 0.16105769230769232
0 0.3233173076923077 0.8713942307692308 0.16586538461538464 0.12740384615384617
0 0.2091346153846154 0.9591346153846154 0.10096153846153846 0.08173076923076923
