0 0.9007812500000001 0.2109375 0.19843750000000002 0.41250000000000003
0 0.8921875 0.525 0.215625 0.359375
0 0.8265625000000001 0.62109375 0.34687500000000004 0.3921875
0 0.7273437500000001 0.8968750000000001 0.2828125 0.20625000000000002
0 0.6953125 0.29921875000000003 0.225 0.21406250000000002
0 0.5453125 0.36562500000000003 0.2625 0.340625
0 0.40703125 0.41718750000000004 0.1859375 0.15000000000000002
0 0.33828125000000003 0.23125 0.18906250000000002 0.34687500000000004
0 0.109375 0.1484375 0.1875 0.23750000000000002
0 0.3125 0.63828125 0.384375 0.37343750000000003
0 0.2921875 0.9484375 0.328125 0.10312500000000001
0 0.029687500000000002 0.53125 0.05625 0.16562500000000002
