0 0.9555288461538463 0.1358173076923077 0.04567307692307693 0.09375
0 0.905048076923077 0.12860576923076925 0.04567307692307693 0.08413461538461539
0 0.9819711538461539 0.28125 0.03605769230769231 0.10096153846153846
0 0.8810096153846154 0.25 0.06971153846153846 0.11538461538461539
0 0.734375 0.04326923076923077 0.05048076923076923 0.08173076923076923
0 0.9783653846153847 0.5084134615384616 0.03365384615384616 0.07451923076923077
0 0.9290865384615385 0.5012019230769231 0.05048076923076923 0.07451923076923077
0 0.9543269230769231 0.5504807692307693 0.05288461538461539 0.08653846153846154
0 0.951923076923077 0.6598557692307693 0.04326923076923077 0.06971153846153846
0 0.9158653846153847 0.623798076923077 0.04807692307692308 0.09855769230769232
0 0.8052884615384616 0.328125 0.03365384615384616 0.06971153846153846
0 0.8557692307692308 0.5985576923076923 0.057692307692307696 0.07692307692307693
0 0.8461538461538463 0.6742788461538461 0.05288461538461539 0.08413461538461539
0 0.96875 0.7512019230769231 0.0625 0.22355769230769232
0 0.951923076923077 0.9302884615384616 0.09615384615384616 0.13461538461538464
0 0.9134615384615385 0.8137019230769231 0.057692307692307696 0.09855769230769232
0 0.7295673076923077 0.9795673076923077 0.06490384615384616 0.040865384615384616
0 0.6838942307692308 0.7776442307692308 0.04567307692307693 0.06971153846153846
0 0.7548076923076924 0.7848557692307693 0.09615384615384616 0.19951923076923078
0 0.7632211538461539 0.5817307692307693 0.06971153846153846 0.09134615384615385
0 0.6598557692307693 0.30168269230769235 0.24759615384615385 0.4591346153846154
0 0.4086538461538462 0.47836538461538464 0.04807692307692308 0.07211538461538462
0 0.3473557692307693 0.09615384615384616 0.17067307692307693 0.1875
0 0.3786057692307693 0.3341346153846154 0.06490384615384616 0.12980769230769232
0 0.29927884615384615 0.36899038461538464 0.04567307692307693 0.07932692307692309
0 0.2728365384615385 0.4795673076923077 0.04567307692307693 0.06971153846153846
0 0.24879807692307693 0.3870192307692308 0.05048076923076923 0.09615384615384616
0 0.22355769230769232 0.23677884615384617 0.04326923076923077 0.06971153846153846
0 0.09735576923076923 0.11538461538461539 0.18990384615384617 0.22596153846153846
0 0.11538461538461539 0.23677884615384617 0.04807692307692308 0.09855769230769232
0 0.030048076923076924 0.3389423076923077 0.03125 0.057692307692307696
0 0.1983173076923077 0.44711538461538464 0.05528846153846154 0.09615384615384616
0 0.0733173076923077 0.4519230769230769 0.04567307692307693 0.07211538461538462
0 0.515625 0.9471153846153847 0.09375 0.10576923076923078
0 0.19711538461538464 0.5913461538461539 0.05288461538461539 0.07692307692307693
0 0.31009615384615385 0.983173076923077 0.04807692307692308 0.03365384615384616
0 0.3353365384615385 0.9375 0.06971153846153846 0.07211538461538462
0 0.25 0.96875 0.057692307692307696 0.04807692307692308
0 0.125 0.96875 0.04807692307692308 0.0625
0 0.042067307692307696 0.9098557692307693 0.03125 0.05048076923076923
0 0.10576923076923078 0.8185096153846154 0.03365384615384616 0.06490384615384616
0 0.056490384615384616 0.8209134615384616 0.05528846153846154 0.07932692307692309
0 0.0733173076923077 0.7391826923076924 0.040865384615384616 0.09375
0 0.03966346153846154 0.7620192307692308 0.06009615384615385 0.09134615384615385
0 0.13221153846153846 0.7596153846153847 0.057692307692307696 0.057692307692307696
0 0.21754807692307693 0.8040865384615385 0.11298076923076923 0.18509615384615385
0 0.13701923076923078 0.655048076923077 0.07692307692307693 0.14182692307692307
0 0.5384615384615385 0.6586538461538461 0.1778846153846154 0.3653846153846154
