0 0.7165178571428571 0.07366071428571429 0.20089285714285712 0.13839285714285712
0 0.9397321428571428 0.46875 0.12053571428571427 0.16964285714285712
0 0.7723214285714285 0.265625 0.11607142857142856 0.16517857142857142
0 0.7790178571428571 0.42857142857142855 0.1919642857142857 0.30357142857142855
0 0.7857142857142857 0.78125 0.2232142857142857 0.39285714285714285
0 0.5959821428571428 0.28125 0.20089285714285712 0.3125
0 0.4196428571428571 0.6941964285714285 0.19642857142857142 0.1919642857142857
0 0.5245535714285714 0.5245535714285714 0.2544642857142857 0.4151785714285714
0 0.4107142857142857 0.11383928571428571 0.1607142857142857 0.21875
0 0.3169642857142857 0.17857142857142855 0.24107142857142855 0.33035714285714285
0 0.3325892857142857 0.4308035714285714 0.17410714285714285 0.18303571428571427
0 0.32366071428571425 0.49107142857142855 0.12053571428571427 0.17857142857142855
0 0.1763392857142857 0.14285714285714285 0.1919642857142857 0.27678571428571425
0 0.11607142857142856 0.41294642857142855 0.2232142857142857 0.24553571428571427
0 0.08705357142857142 0.5691964285714285 0.11160714285714285 0.12053571428571427
0 0.3526785714285714 0.8660714285714285 0.14285714285714285 0.125
0 0.21428571428571427 0.8236607142857142 0.14285714285714285 0.15625
0 0.11607142857142856 0.7678571428571428 0.14285714285714285 0.16964285714285712
