0 0.5408653846153847 0.7872596153846154 0.04807692307692308 0.05528846153846154
0 0.5721153846153847 0.7776442307692308 0.07692307692307693 0.11298076923076923
0 0.6682692307692308 0.12740384615384617 0.14903846153846154 0.12980769230769232
0 0.796875 0.7728365384615385 0.18990384615384617 0.19471153846153846
0 0.5276442307692308 0.32091346153846156 0.03605769230769231 0.040865384615384616
0 0.43509615384615385 0.29927884615384615 0.14903846153846154 0.1514423076923077
0 0.4963942307692308 0.4435096153846154 0.17548076923076925 0.16105769230769232
0 0.42307692307692313 0.5901442307692308 0.04326923076923077 0.03605769230769231
0 0.37259615384615385 0.6358173076923077 0.057692307692307696 0.06009615384615385
0 0.20673076923076925 0.7848557692307693 0.23076923076923078 0.2572115384615385
0 0.24399038461538464 0.4795673076923077 0.3004807692307693 0.3197115384615385
