0 0.9615 0.24512743628185907 0.033 0.031484257871064465
0 0.911 0.30134932533733133 0.022 0.026986506746626684
0 0.854 0.3403298350824588 0.018000000000000002 0.0239880059970015
0 0.721 0.13718140929535233 0.098 0.23238380809595202
0 0.4985 0.0727136431784108 0.061 0.05847076461769115
0 0.20550000000000002 0.024737631184407794 0.055 0.046476761619190406
0 0.28600000000000003 0.1596701649175412 0.026000000000000002 0.037481259370314844
0 0.20700000000000002 0.14617691154422788 0.046 0.046476761619190406
0 0.507 0.3523238380809595 0.024 0.0239880059970015
0 0.1 0.027736131934032984 0.022 0.01649175412293853
0 0.5405 0.5967016491754122 0.033 0.04497751124437781
0 0.555 0.631184407796102 0.044 0.047976011994003
0 0.5175 0.6469265367316341 0.029 0.034482758620689655
0 0.8795000000000001 0.4280359820089955 0.031 0.02848575712143928
0 0.2275 0.46026986506746626 0.029 0.041979010494752625
0 0.17200000000000001 0.5622188905547226 0.04 0.03298350824587706
0 0.015 0.10794602698650674 0.028 0.026986506746626684
0 0.201 0.6829085457271364 0.076 0.1184407796101949
0 0.109 0.8395802098950524 0.034 0.041979010494752625
0 0.383 0.3305847076461769 0.058 0.05847076461769115
0 0.6075 0.39730134932533734 0.031 0.0239880059970015
0 0.355 0.616191904047976 0.28800000000000003 0.3568215892053973
0 0.725 0.6116941529235382 0.33 0.43778110944527737
