0 0.9709821428571428 0.18080357142857142 0.05803571428571428 0.07589285714285714
0 0.9308035714285714 0.3370535714285714 0.13839285714285712 0.09375
0 0.8816964285714285 0.38616071428571425 0.11160714285714285 0.06696428571428571
0 0.6116071428571428 0.02232142857142857 0.08035714285714285 0.03571428571428571
0 0.7633928571428571 0.36160714285714285 0.14285714285714285 0.08928571428571427
0 0.7232142857142857 0.40178571428571425 0.1607142857142857 0.0625
0 0.7790178571428571 0.5133928571428571 0.16517857142857142 0.11607142857142856
0 0.9330357142857142 0.5758928571428571 0.13392857142857142 0.1607142857142857
0 0.9285714285714285 0.6785714285714285 0.14285714285714285 0.07142857142857142
0 0.9285714285714285 0.8839285714285714 0.14285714285714285 0.10714285714285714
0 0.734375 0.8080357142857142 0.10267857142857142 0.09821428571428571
0 0.65625 0.5803571428571428 0.15178571428571427 0.08035714285714285
0 0.5580357142857143 0.5558035714285714 0.13392857142857142 0.07589285714285714
0 0.37723214285714285 0.046875 0.17410714285714285 0.08482142857142856
0 0.19419642857142855 0.10714285714285714 0.10267857142857142 0.09821428571428571
0 0.7410714285714285 0.9620535714285714 0.15178571428571427 0.07589285714285714
0 0.6004464285714285 0.9308035714285714 0.13839285714285712 0.13839285714285712
0 0.5513392857142857 0.8348214285714285 0.11160714285714285 0.14285714285714285
0 0.5066964285714285 0.3325892857142857 0.17410714285714285 0.17410714285714285
0 0.39732142857142855 0.2544642857142857 0.125 0.1607142857142857
0 0.3370535714285714 0.29910714285714285 0.11160714285714285 0.20535714285714285
0 0.26116071428571425 0.30803571428571425 0.14732142857142858 0.16964285714285712
0 0.1294642857142857 0.3370535714285714 0.16964285714285712 0.15625
0 0.055803571428571425 0.4196428571428571 0.10267857142857142 0.10714285714285714
0 0.40848214285714285 0.44419642857142855 0.12053571428571427 0.06696428571428571
0 0.27678571428571425 0.5290178571428571 0.13392857142857142 0.13839285714285712
0 0.2857142857142857 0.6339285714285714 0.1607142857142857 0.10714285714285714
0 0.024553571428571428 0.6071428571428571 0.040178571428571425 0.10714285714285714
0 0.03125 0.7745535714285714 0.05357142857142857 0.10267857142857142
0 0.08035714285714285 0.8705357142857142 0.15178571428571427 0.14285714285714285
0 0.46875 0.6785714285714285 0.125 0.11607142857142856
0 0.43303571428571425 0.7299107142857142 0.1875 0.12053571428571427
