0 0.8044692737430168 0.05307262569832402 0.2458100558659218 0.09497206703910614
0 0.8547486033519553 0.2709497206703911 0.1452513966480447 0.20670391061452514
0 0.8379888268156425 0.4720670391061453 0.2458100558659218 0.3743016759776536
0 0.8240223463687151 0.8379888268156425 0.30726256983240224 0.3240223463687151
0 0.6452513966480448 0.2737430167597765 0.2737430167597765 0.3910614525139665
0 0.5139664804469274 0.5502793296089385 0.3240223463687151 0.48603351955307267
0 0.34916201117318435 0.7625698324022346 0.20670391061452514 0.21787709497206706
0 0.4553072625698324 0.09217877094972067 0.11731843575418995 0.17318435754189945
0 0.2988826815642458 0.15921787709497207 0.28491620111731847 0.30726256983240224
0 0.1229050279329609 0.11452513966480447 0.223463687150838 0.21787709497206706
0 0.28491620111731847 0.388268156424581 0.2011173184357542 0.15083798882681565
0 0.26536312849162014 0.5 0.15083798882681565 0.21787709497206706
0 0.1005586592178771 0.33798882681564246 0.18994413407821228 0.329608938547486
0 0.2597765363128492 0.9469273743016761 0.17318435754189945 0.10614525139664804
0 0.09776536312849163 0.9022346368715084 0.18435754189944134 0.19553072625698326
