0 0.842 0.044 0.14 0.08
0 0.682 0.068 0.17200000000000001 0.128
0 0.518 0.046 0.116 0.084
0 0.17 0.10400000000000001 0.148 0.136
0 0.922 0.444 0.14 0.152
0 0.934 0.22 0.132 0.10400000000000001
0 0.868 0.326 0.20800000000000002 0.148
0 0.802 0.538 0.17200000000000001 0.084
0 0.886 0.84 0.188 0.184
0 0.79 0.9580000000000001 0.196 0.084
0 0.622 0.278 0.188 0.156
0 0.638 0.376 0.26 0.176
0 0.384 0.198 0.16 0.14
0 0.302 0.36 0.20400000000000001 0.216
0 0.5640000000000001 0.612 0.176 0.192
0 0.6 0.634 0.184 0.124
0 0.626 0.808 0.17200000000000001 0.216
0 0.43 0.616 0.092 0.088
0 0.24 0.488 0.088 0.136
0 0.08600000000000001 0.432 0.164 0.256
0 0.442 0.75 0.116 0.14
0 0.32 0.734 0.168 0.116
0 0.452 0.882 0.08 0.076
0 0.388 0.812 0.192 0.20800000000000002
0 0.298 0.932 0.244 0.136
0 0.29 0.5760000000000001 0.18 0.168
0 0.08 0.8300000000000001 0.152 0.18
0 0.146 0.678 0.188 0.268
