0 0.9091796875 0.5651041666666666 0.146484375 0.171875
0 0.870849609375 0.7268880208333333 0.16259765625 0.16731770833333331
0 0.671630859375 0.3059895833333333 0.14697265625 0.15234375
0 0.682861328125 0.693359375 0.16064453125 0.19401041666666666
0 0.74462890625 0.8483072916666666 0.1494140625 0.30338541666666663
0 0.560791015625 0.833984375 0.25634765625 0.33203125
0 0.576904296875 0.421875 0.13720703125 0.3177083333333333
0 0.501708984375 0.12630208333333331 0.14892578125 0.18880208333333331
0 0.38720703125 0.0654296875 0.1650390625 0.126953125
0 0.354736328125 0.15104166666666666 0.15087890625 0.14453125
0 0.1689453125 0.049479166666666664 0.150390625 0.09375
0 0.463623046875 0.7506510416666666 0.20947265625 0.18098958333333331
0 0.406005859375 0.3447265625 0.28759765625 0.3391927083333333
0 0.1083984375 0.3583984375 0.076171875 0.115234375
0 0.080078125 0.5403645833333333 0.078125 0.04036458333333333
0 0.044189453125 0.400390625 0.08740234375 0.3098958333333333
0 0.102783203125 0.5634765625 0.19970703125 0.138671875
0 0.18603515625 0.47623697916666663 0.0927734375 0.275390625
0 0.23681640625 0.5240885416666666 0.1787109375 0.19661458333333331
0 0.25244140625 0.7360026041666666 0.22265625 0.2727864583333333
0 0.17041015625 0.8932291666666666 0.1396484375 0.12239583333333333
0 0.04296875 0.8649088541666666 0.0830078125 0.27018229166666663
