0 0.9478764478764479 0.07216494845360824 0.03474903474903475 0.061855670103092786
0 0.9362934362934363 0.3479381443298969 0.03474903474903475 0.05670103092783505
0 0.777992277992278 0.03865979381443299 0.0501930501930502 0.06701030927835051
0 0.6640926640926641 0.11855670103092783 0.03861003861003861 0.041237113402061855
0 0.694980694980695 0.15721649484536082 0.07722007722007722 0.0979381443298969
0 0.5772200772200773 0.22422680412371135 0.05791505791505792 0.07731958762886598
0 0.6583011583011583 0.31443298969072164 0.05791505791505792 0.061855670103092786
0 0.05405405405405406 0.023195876288659795 0.05405405405405406 0.03608247422680412
0 0.14285714285714285 0.22164948453608246 0.06177606177606178 0.07216494845360824
0 0.43243243243243246 0.15206185567010308 0.05405405405405406 0.06701030927835051
0 0.03861003861003861 0.3994845360824742 0.03861003861003861 0.04639175257731959
0 0.4864864864864865 0.520618556701031 0.44787644787644787 0.4948453608247423
