0 0.8816964285714285 0.25 0.23660714285714285 0.27678571428571425
0 0.8102678571428571 0.3058035714285714 0.3794642857142857 0.29910714285714285
0 0.8169642857142857 0.640625 0.36607142857142855 0.5580357142857143
0 0.8839285714285714 0.9375 0.23214285714285712 0.125
0 0.7098214285714285 0.9352678571428571 0.16964285714285712 0.1294642857142857
0 0.4888392857142857 0.25 0.30803571428571425 0.33035714285714285
0 0.5290178571428571 0.4821428571428571 0.43303571428571425 0.24107142857142855
0 0.49553571428571425 0.6651785714285714 0.125 0.33035714285714285
0 0.265625 0.18303571428571427 0.18303571428571427 0.3571428571428571
0 0.055803571428571425 0.125 0.10267857142857142 0.23214285714285712
0 0.11160714285714285 0.3638392857142857 0.20535714285714285 0.29910714285714285
0 0.24330357142857142 0.5736607142857143 0.13839285714285712 0.21875
0 0.049107142857142856 0.5580357142857143 0.08928571428571427 0.1875
0 0.14732142857142858 0.6941964285714285 0.08928571428571427 0.23660714285714285
0 0.2232142857142857 0.7901785714285714 0.1607142857142857 0.125
0 0.4352678571428571 0.9397321428571428 0.17410714285714285 0.12053571428571427
0 0.24107142857142855 0.9486607142857142 0.19642857142857142 0.10267857142857142
