0 0.84375 0.171875 0.3125 0.33482142857142855
0 0.8950892857142857 0.8883928571428571 0.20982142857142855 0.2232142857142857
0 0.7477678571428571 0.8549107142857142 0.3169642857142857 0.2901785714285714
0 0.46428571428571425 0.9375 0.24107142857142855 0.125
0 0.3571428571428571 0.046875 0.15178571428571427 0.08482142857142856
0 0.19419642857142855 0.06696428571428571 0.17410714285714285 0.125
0 0.5424107142857143 0.4665178571428571 0.4151785714285714 0.59375
0 0.3839285714285714 0.22991071428571427 0.3482142857142857 0.4508928571428571
0 0.08482142857142856 0.30357142857142855 0.1607142857142857 0.23214285714285712
0 0.1294642857142857 0.4352678571428571 0.25 0.20089285714285712
0 0.125 0.7299107142857142 0.24107142857142855 0.5401785714285714
