0 0.9375 0.6116071428571428 0.125 0.1607142857142857
0 0.7366071428571428 0.25669642857142855 0.4732142857142857 0.5044642857142857
0 0.9642857142857142 0.7767857142857142 0.03571428571428571 0.03571428571428571
0 0.5379464285714285 0.04464285714285714 0.06696428571428571 0.04464285714285714
0 0.2700892857142857 0.040178571428571425 0.040178571428571425 0.05357142857142857
0 0.265625 0.13392857142857142 0.040178571428571425 0.05357142857142857
0 0.22767857142857142 0.24107142857142855 0.026785714285714284 0.04464285714285714
0 0.25223214285714285 0.2745535714285714 0.03125 0.040178571428571425
0 0.25669642857142855 0.4732142857142857 0.040178571428571425 0.04464285714285714
0 0.21205357142857142 0.49107142857142855 0.040178571428571425 0.03571428571428571
0 0.15401785714285712 0.4575892857142857 0.040178571428571425 0.05803571428571428
0 0.4352678571428571 0.5334821428571428 0.6383928571428571 0.9330357142857142
