0 0.9352678571428571 0.6205357142857143 0.1294642857142857 0.1875
0 0.8035714285714285 0.25669642857142855 0.33035714285714285 0.5044642857142857
0 0.43303571428571425 0.53125 0.6517857142857143 0.9375
0 0.5379464285714285 0.049107142857142856 0.06696428571428571 0.04464285714285714
0 0.2700892857142857 0.04464285714285714 0.040178571428571425 0.05357142857142857
0 0.26339285714285715 0.13392857142857142 0.04464285714285714 0.04464285714285714
0 0.9620535714285714 0.7790178571428571 0.040178571428571425 0.040178571428571425
0 0.25669642857142855 0.2745535714285714 0.03125 0.040178571428571425
0 0.22767857142857142 0.24107142857142855 0.03571428571428571 0.04464285714285714
0 0.2589285714285714 0.47544642857142855 0.03571428571428571 0.049107142857142856
0 0.15178571428571427 0.45982142857142855 0.04464285714285714 0.05357142857142857
0 0.21651785714285712 0.48660714285714285 0.03125 0.026785714285714284
0 0.10267857142857142 0.45982142857142855 0.026785714285714284 0.03571428571428571
