0 0.8549107142857142 0.10267857142857142 0.21875 0.19642857142857142
0 0.6651785714285714 0.08035714285714285 0.17857142857142855 0.15178571428571427
0 0.5133928571428571 0.06919642857142856 0.21428571428571427 0.1294642857142857
0 0.9508928571428571 0.17410714285714285 0.09821428571428571 0.26785714285714285
0 0.9732142857142857 0.4888392857142857 0.05357142857142857 0.14732142857142858
0 0.8950892857142857 0.5267857142857143 0.12053571428571427 0.1607142857142857
0 0.9285714285714285 0.6696428571428571 0.14285714285714285 0.19642857142857142
0 0.9285714285714285 0.9486607142857142 0.14285714285714285 0.10267857142857142
0 0.734375 0.41741071428571425 0.26339285714285715 0.3794642857142857
0 0.5044642857142857 0.28794642857142855 0.20535714285714285 0.2544642857142857
0 0.42410714285714285 0.33928571428571425 0.08928571428571427 0.13392857142857142
0 0.38616071428571425 0.22767857142857142 0.22767857142857142 0.375
0 0.12053571428571427 0.10714285714285714 0.19642857142857142 0.19642857142857142
0 0.6629464285714285 0.6607142857142857 0.30803571428571425 0.3839285714285714
0 0.5111607142857143 0.5267857142857143 0.14732142857142858 0.2232142857142857
0 0.3995535714285714 0.49107142857142855 0.13839285714285712 0.19642857142857142
0 0.43303571428571425 0.6986607142857143 0.19642857142857142 0.23660714285714285
0 0.4821428571428571 0.8816964285714285 0.24107142857142855 0.22767857142857142
0 0.2901785714285714 0.78125 0.19642857142857142 0.19642857142857142
0 0.265625 0.5290178571428571 0.18303571428571427 0.1919642857142857
0 0.2232142857142857 0.3839285714285714 0.20535714285714285 0.1875
0 0.1607142857142857 0.5401785714285714 0.20535714285714285 0.27678571428571425
0 0.10267857142857142 0.5982142857142857 0.19642857142857142 0.30357142857142855
0 0.10044642857142856 0.8861607142857142 0.1919642857142857 0.22767857142857142
0 0.203125 0.8325892857142857 0.1919642857142857 0.33482142857142855
