0 0.6674107142857143 0.05133928571428571 0.16517857142857142 0.09375
0 0.9732142857142857 0.8415178571428571 0.05357142857142857 0.12053571428571427
0 0.9263392857142857 0.7098214285714285 0.09375 0.11607142857142856
0 0.8125 0.9330357142857142 0.20535714285714285 0.13392857142857142
0 0.7946428571428571 0.3638392857142857 0.4107142857142857 0.7098214285714285
0 0.6986607142857143 0.3526785714285714 0.3526785714285714 0.6875
0 0.6383928571428571 0.8147321428571428 0.07142857142857142 0.09375
0 0.6071428571428571 0.7276785714285714 0.09821428571428571 0.09821428571428571
0 0.4821428571428571 0.15625 0.14285714285714285 0.15178571428571427
0 0.45982142857142855 0.33482142857142855 0.08928571428571427 0.14285714285714285
0 0.46428571428571425 0.5022321428571428 0.10714285714285714 0.16517857142857142
0 0.43303571428571425 0.9352678571428571 0.1607142857142857 0.1294642857142857
0 0.22767857142857142 0.9174107142857142 0.07142857142857142 0.08482142857142856
0 0.171875 0.9553571428571428 0.16517857142857142 0.08928571428571427
0 0.26785714285714285 0.05803571428571428 0.20535714285714285 0.10714285714285714
0 0.19866071428571427 0.11607142857142856 0.17410714285714285 0.2232142857142857
0 0.34598214285714285 0.45535714285714285 0.12053571428571427 0.2232142857142857
0 0.06473214285714285 0.1763392857142857 0.12053571428571427 0.28125
0 0.033482142857142856 0.3727678571428571 0.05803571428571428 0.1294642857142857
0 0.08258928571428571 0.8816964285714285 0.15625 0.20982142857142855
