0 0.9352678571428571 0.6227678571428571 0.1294642857142857 0.17410714285714285
0 0.8035714285714285 0.2544642857142857 0.3214285714285714 0.5
0 0.5401785714285714 0.046875 0.0625 0.040178571428571425
0 0.26785714285714285 0.04464285714285714 0.04464285714285714 0.05357142857142857
0 0.265625 0.13169642857142858 0.040178571428571425 0.049107142857142856
0 0.22767857142857142 0.24107142857142855 0.026785714285714284 0.04464285714285714
0 0.25669642857142855 0.27232142857142855 0.03125 0.03571428571428571
0 0.25669642857142855 0.47098214285714285 0.040178571428571425 0.049107142857142856
0 0.9642857142857142 0.7745535714285714 0.03571428571428571 0.040178571428571425
0 0.15401785714285712 0.45535714285714285 0.040178571428571425 0.05357142857142857
0 0.21428571428571427 0.484375 0.026785714285714284 0.02232142857142857
0 0.4352678571428571 0.53125 0.6383928571428571 0.9285714285714285
