0 0.8638392857142857 0.08482142857142856 0.14732142857142858 0.1607142857142857
0 0.9464285714285714 0.20982142857142855 0.10714285714285714 0.16964285714285712
0 0.9174107142857142 0.26785714285714285 0.08482142857142856 0.08928571428571427
0 0.96875 0.5982142857142857 0.0625 0.08035714285714285
0 0.9464285714285714 0.8638392857142857 0.08035714285714285 0.049107142857142856
0 0.9352678571428571 0.9196428571428571 0.09375 0.05357142857142857
0 0.8303571428571428 0.26116071428571425 0.08035714285714285 0.07589285714285714
0 0.8080357142857142 0.3214285714285714 0.08035714285714285 0.05357142857142857
0 0.7566964285714285 0.3526785714285714 0.09375 0.05357142857142857
0 0.6986607142857143 0.06919642857142856 0.05803571428571428 0.040178571428571425
0 0.6919642857142857 0.20089285714285712 0.08035714285714285 0.09821428571428571
0 0.65625 0.2700892857142857 0.0625 0.07589285714285714
0 0.7008928571428571 0.5223214285714285 0.08928571428571427 0.11607142857142856
0 0.7589285714285714 0.703125 0.13392857142857142 0.16517857142857142
0 0.6004464285714285 0.05803571428571428 0.13839285714285712 0.08928571428571427
0 0.5959821428571428 0.08035714285714285 0.10267857142857142 0.125
0 0.7008928571428571 0.9352678571428571 0.07142857142857142 0.06696428571428571
0 0.7633928571428571 0.9508928571428571 0.09821428571428571 0.08928571428571427
0 0.6361607142857143 0.9330357142857142 0.06696428571428571 0.125
0 0.5714285714285714 0.2075892857142857 0.0625 0.049107142857142856
0 0.5491071428571428 0.25223214285714285 0.10714285714285714 0.09375
0 0.5022321428571428 0.26116071428571425 0.06696428571428571 0.12053571428571427
0 0.5022321428571428 0.16741071428571427 0.09375 0.1294642857142857
0 0.37053571428571425 0.046875 0.08928571428571427 0.08482142857142856
0 0.42857142857142855 0.203125 0.04464285714285714 0.10267857142857142
0 0.359375 0.1450892857142857 0.09375 0.07589285714285714
0 0.1607142857142857 0.040178571428571425 0.08928571428571427 0.07142857142857142
0 0.26785714285714285 0.07589285714285714 0.08928571428571427 0.05357142857142857
0 0.2232142857142857 0.11383928571428571 0.10714285714285714 0.12053571428571427
0 0.5267857142857143 0.31919642857142855 0.07142857142857142 0.049107142857142856
0 0.5290178571428571 0.3571428571428571 0.09375 0.07142857142857142
0 0.5580357142857143 0.4263392857142857 0.08035714285714285 0.10267857142857142
0 0.6183035714285714 0.625 0.06696428571428571 0.05357142857142857
0 0.6495535714285714 0.6763392857142857 0.09375 0.08482142857142856
0 0.6227678571428571 0.8125 0.049107142857142856 0.08928571428571427
0 0.5580357142857143 0.7946428571428571 0.08928571428571427 0.05357142857142857
0 0.4419642857142857 0.8348214285714285 0.0625 0.05357142857142857
0 0.47991071428571425 0.7566964285714285 0.07589285714285714 0.06696428571428571
0 0.4933035714285714 0.6808035714285714 0.07589285714285714 0.08482142857142856
0 0.48660714285714285 0.546875 0.0625 0.05803571428571428
0 0.41294642857142855 0.296875 0.08482142857142856 0.11160714285714285
0 0.4263392857142857 0.3638392857142857 0.08482142857142856 0.049107142857142856
0 0.4508928571428571 0.3883928571428571 0.07142857142857142 0.07142857142857142
0 0.3839285714285714 0.453125 0.08035714285714285 0.09375
0 0.36160714285714285 0.33482142857142855 0.08928571428571427 0.08928571428571427
0 0.12053571428571427 0.13616071428571427 0.08035714285714285 0.08482142857142856
0 0.29241071428571425 0.26339285714285715 0.09375 0.0625
0 0.2544642857142857 0.22767857142857142 0.07142857142857142 0.0625
0 0.13169642857142858 0.21651785714285712 0.09375 0.06696428571428571
0 0.04464285714285714 0.2544642857142857 0.0625 0.09821428571428571
0 0.2901785714285714 0.32589285714285715 0.08928571428571427 0.13392857142857142
0 0.19866071428571427 0.3058035714285714 0.07589285714285714 0.06696428571428571
0 0.14285714285714285 0.29241071428571425 0.07142857142857142 0.07589285714285714
0 0.34375 0.625 0.08035714285714285 0.08928571428571427
0 0.30357142857142855 0.7209821428571428 0.04464285714285714 0.09375
0 0.26785714285714285 0.45535714285714285 0.07142857142857142 0.07142857142857142
0 0.22544642857142855 0.47991071428571425 0.1294642857142857 0.06696428571428571
0 0.2544642857142857 0.53125 0.0625 0.11607142857142856
0 0.19642857142857142 0.5959821428571428 0.0625 0.06696428571428571
0 0.10044642857142856 0.46875 0.05803571428571428 0.0625
0 0.055803571428571425 0.6071428571428571 0.08482142857142856 0.10714285714285714
0 0.08035714285714285 0.765625 0.125 0.08482142857142856
