0 0.9598214285714285 0.7767857142857142 0.03571428571428571 0.03571428571428571
0 0.9352678571428571 0.6160714285714285 0.1294642857142857 0.16964285714285712
0 0.2700892857142857 0.04241071428571428 0.040178571428571425 0.049107142857142856
0 0.265625 0.13169642857142858 0.040178571428571425 0.049107142857142856
0 0.2544642857142857 0.2745535714285714 0.03571428571428571 0.03125
0 0.22544642857142855 0.24107142857142855 0.02232142857142857 0.04464285714285714
0 0.2544642857142857 0.46428571428571425 0.03571428571428571 0.03571428571428571
0 0.21651785714285712 0.48660714285714285 0.03125 0.026785714285714284
0 0.14955357142857142 0.44419642857142855 0.03125 0.03125
0 0.10267857142857142 0.45982142857142855 0.026785714285714284 0.03571428571428571
0 0.7366071428571428 0.2589285714285714 0.4732142857142857 0.5089285714285714
0 0.4308035714285714 0.53125 0.6473214285714285 0.9375
