0 0.06473214285714285 0.6160714285714285 0.12053571428571427 0.1607142857142857
0 0.7276785714285714 0.04241071428571428 0.03571428571428571 0.049107142857142856
0 0.7299107142857142 0.13169642857142858 0.040178571428571425 0.049107142857142856
0 0.7723214285714285 0.2388392857142857 0.026785714285714284 0.040178571428571425
0 0.7433035714285714 0.27678571428571425 0.03125 0.03571428571428571
0 0.8950892857142857 0.4575892857142857 0.02232142857142857 0.03125
0 0.8482142857142857 0.44866071428571425 0.03571428571428571 0.03125
0 0.8415178571428571 0.4665178571428571 0.03125 0.03125
0 0.78125 0.484375 0.026785714285714284 0.03125
0 0.7410714285714285 0.4665178571428571 0.03571428571428571 0.040178571428571425
0 0.5625 0.5267857142857143 0.6428571428571428 0.9285714285714285
0 0.2589285714285714 0.25669642857142855 0.45535714285714285 0.5044642857142857
0 0.033482142857142856 0.7767857142857142 0.040178571428571425 0.03571428571428571
