0 0.9765625 0.1611328125 0.046875 0.0703125
0 0.166015625 0.0439453125 0.28515625 0.0859375
0 0.9576822916666666 0.65771484375 0.08463541666666666 0.1005859375
0 0.2884114583333333 0.1298828125 0.19661458333333331 0.109375
0 0.478515625 0.20849609375 0.31901041666666663 0.1201171875
0 0.564453125 0.28125 0.13671875 0.18359375
0 0.7845052083333333 0.64404296875 0.08984375 0.0615234375
0 0.7115885416666666 0.63818359375 0.14713541666666666 0.1064453125
0 0.5006510416666666 0.439453125 0.15234375 0.1484375
0 0.29752604166666663 0.2607421875 0.21484375 0.330078125
0 0.05794270833333333 0.31640625 0.10546875 0.16796875
0 0.2766927083333333 0.48388671875 0.14973958333333331 0.1318359375
0 0.06966145833333333 0.453125 0.13151041666666666 0.109375
0 0.626953125 0.78076171875 0.19140625 0.3193359375
0 0.4837239583333333 0.76123046875 0.12630208333333331 0.1787109375
0 0.11067708333333333 0.6787109375 0.21875 0.4296875
0 0.203125 0.9443359375 0.12760416666666666 0.091796875
0 0.037760416666666664 0.96923828125 0.0703125 0.0615234375
