0 0.9251302083333333 0.46484375 0.14973958333333331 0.365234375
0 0.814453125 0.326171875 0.37109375 0.546875
0 0.8548177083333333 0.744140625 0.12109375 0.17578125
0 0.21744791666666666 0.28271484375 0.37760416666666663 0.2548828125
0 0.15104166666666666 0.33740234375 0.29947916666666663 0.3056640625
0 0.46354166666666663 0.48974609375 0.3046875 0.2587890625
0 0.6302083333333333 0.71142578125 0.16927083333333331 0.1279296875
0 0.7434895833333333 0.8115234375 0.16666666666666666 0.14453125
0 0.7337239583333333 0.8759765625 0.13411458333333331 0.158203125
0 0.5227864583333333 0.8798828125 0.17317708333333331 0.07421875
0 0.1640625 0.7060546875 0.12760416666666666 0.1171875
0 0.22395833333333331 0.91650390625 0.13541666666666666 0.1669921875
0 0.4993489583333333 0.7216796875 0.18880208333333331 0.23828125
0 0.27408854166666663 0.66748046875 0.3059895833333333 0.2939453125
