0 0.798828125 0.3994140625 0.40234375 0.23046875
0 0.6510416666666666 0.1396484375 0.2552083333333333 0.158203125
0 0.42643229166666663 0.20556640625 0.25390625 0.2626953125
0 0.748046875 0.56982421875 0.43619791666666663 0.3408203125
0 0.97265625 0.86083984375 0.0546875 0.1103515625
0 0.56640625 0.56298828125 0.6770833333333333 0.4443359375
0 0.12434895833333333 0.357421875 0.24088541666666666 0.4453125
0 0.07747395833333333 0.509765625 0.14713541666666666 0.255859375
0 0.5 0.9638671875 0.13802083333333331 0.072265625
0 0.17643229166666666 0.8251953125 0.19921875 0.349609375
