0 0.8033854166666666 0.2607421875 0.33072916666666663 0.16015625
0 0.9466145833333333 0.7685546875 0.10677083333333333 0.251953125
0 0.9583333333333333 0.50244140625 0.08333333333333333 0.1259765625
0 0.8352864583333333 0.45166015625 0.11328125 0.1767578125
0 0.7447916666666666 0.46484375 0.11197916666666666 0.20703125
0 0.6510416666666666 0.47216796875 0.11197916666666666 0.1748046875
0 0.7467447916666666 0.453125 0.37109375 0.09765625
0 0.6106770833333333 0.4013671875 0.19270833333333331 0.23046875
0 0.33854166666666663 0.294921875 0.33854166666666663 0.34765625
0 0.19791666666666666 0.5234375 0.33854166666666663 0.275390625
0 0.8203125 0.65185546875 0.26822916666666663 0.2041015625
0 0.7421875 0.81103515625 0.125 0.1064453125
0 0.48697916666666663 0.84619140625 0.140625 0.0966796875
0 0.5260416666666666 0.74560546875 0.21614583333333331 0.1103515625
0 0.3515625 0.65478515625 0.1640625 0.3935546875
