0 0.8606770833333333 0.20068359375 0.2786458333333333 0.3740234375
0 0.97265625 0.4599609375 0.0546875 0.12109375
0 0.7799479166666666 0.62451171875 0.23958333333333331 0.4208984375
0 0.46158854166666663 0.10009765625 0.23567708333333331 0.1962890625
0 0.541015625 0.25927734375 0.23307291666666666 0.2255859375
0 0.515625 0.40380859375 0.23177083333333331 0.0986328125
0 0.48828125 0.46630859375 0.1328125 0.0693359375
0 0.537109375 0.54541015625 0.24609375 0.1474609375
0 0.5325520833333333 0.90234375 0.23177083333333331 0.1953125
0 0.453125 0.33642578125 0.4348958333333333 0.1806640625
0 0.2923177083333333 0.4599609375 0.20182291666666666 0.203125
0 0.12239583333333333 0.3486328125 0.13541666666666666 0.216796875
0 0.140625 0.388671875 0.11458333333333333 0.2265625
0 0.3138020833333333 0.7607421875 0.13020833333333331 0.384765625
0 0.23893229166666666 0.6337890625 0.13151041666666666 0.27734375
0 0.07421875 0.61962890625 0.0625 0.0732421875
0 0.12890625 0.60888671875 0.1015625 0.2060546875
0 0.025390625 0.70068359375 0.04036458333333333 0.0517578125
0 0.10546875 0.84130859375 0.046875 0.0556640625
