0 0.9576822916666666 0.626953125 0.08463541666666666 0.162109375
0 0.865234375 0.33203125 0.08723958333333333 0.044921875
0 0.861328125 0.53564453125 0.27734375 0.3408203125
0 0.7135416666666666 0.4189453125 0.13020833333333331 0.166015625
0 0.5983072916666666 0.41259765625 0.3059895833333333 0.4560546875
0 0.2981770833333333 0.4580078125 0.33854166666666663 0.36328125
0 0.39518229166666663 0.6494140625 0.18880208333333331 0.056640625
0 0.361328125 0.78955078125 0.15494791666666666 0.1455078125
0 0.056640625 0.6494140625 0.09505208333333333 0.048828125
0 0.14713541666666666 0.61279296875 0.16666666666666666 0.1591796875
0 0.2421875 0.72509765625 0.08854166666666666 0.0537109375
0 0.173828125 0.751953125 0.11328125 0.072265625
