0 0.943359375 0.39013671875 0.11328125 0.1064453125
0 0.8372395833333333 0.29541015625 0.1953125 0.1787109375
0 0.9225260416666666 0.42041015625 0.15494791666666666 0.2958984375
0 0.6712239583333333 0.396484375 0.3138020833333333 0.228515625
0 0.13020833333333331 0.19970703125 0.22135416666666666 0.1396484375
0 0.053385416666666664 0.328125 0.10416666666666666 0.111328125
0 0.8671875 0.8115234375 0.15625 0.24609375
0 0.46549479166666663 0.46044921875 0.39453125 0.3583984375
0 0.671875 0.6220703125 0.13541666666666666 0.076171875
0 0.7259114583333333 0.65673828125 0.20442708333333331 0.2685546875
0 0.5787760416666666 0.7353515625 0.16015625 0.189453125
0 0.4446614583333333 0.76416015625 0.12369791666666666 0.1142578125
0 0.3138020833333333 0.54150390625 0.29166666666666663 0.3095703125
0 0.162109375 0.74560546875 0.14713541666666666 0.1435546875
0 0.3782552083333333 0.97412109375 0.11848958333333333 0.0517578125
