0 0.9420572916666666 0.3369140625 0.11588541666666666 0.314453125
0 0.943359375 0.5712890625 0.11328125 0.169921875
0 0.6998697916666666 0.06982421875 0.4856770833333333 0.1318359375
0 0.6920572916666666 0.20703125 0.31640625 0.12890625
0 0.630859375 0.21875 0.32682291666666663 0.234375
0 0.6744791666666666 0.423828125 0.2421875 0.142578125
0 0.6061197916666666 0.52294921875 0.17578125 0.0634765625
0 0.49609375 0.41064453125 0.21354166666666666 0.2255859375
0 0.21744791666666666 0.38623046875 0.4192708333333333 0.2001953125
0 0.7506510416666666 0.611328125 0.19140625 0.11328125
0 0.8932291666666666 0.900390625 0.12239583333333333 0.11328125
0 0.619140625 0.9501953125 0.10807291666666666 0.07421875
0 0.826171875 0.76171875 0.33203125 0.4765625
0 0.5787760416666666 0.640625 0.13932291666666666 0.12109375
0 0.6536458333333333 0.74853515625 0.20052083333333331 0.3486328125
0 0.5078125 0.71630859375 0.25260416666666663 0.2119140625
0 0.24609375 0.62451171875 0.24739583333333331 0.1416015625
0 0.039713541666666664 0.59375 0.07161458333333333 0.115234375
0 0.3645833333333333 0.84521484375 0.11979166666666666 0.1650390625
0 0.027994791666666664 0.96826171875 0.053385416666666664 0.0634765625
0 0.3001302083333333 0.9853515625 0.15494791666666666 0.029296875
