0 0.8463541666666666 0.4091796875 0.296875 0.40625
0 0.6282552083333333 0.43798828125 0.3216145833333333 0.3857421875
0 0.6171875 0.74755859375 0.16145833333333331 0.1865234375
0 0.5006510416666666 0.77001953125 0.08984375 0.0771484375
0 0.3938802083333333 0.74365234375 0.10026041666666666 0.1142578125
0 0.42447916666666663 0.78759765625 0.13541666666666666 0.1083984375
0 0.2578125 0.32763671875 0.4348958333333333 0.5986328125
0 0.341796875 0.64990234375 0.18098958333333331 0.0810546875
0 0.078125 0.70166015625 0.12760416666666666 0.1630859375
0 0.109375 0.7587890625 0.20833333333333331 0.26171875
0 0.0625 0.9482421875 0.11979166666666666 0.103515625
