0 0.7890625 0.18994140625 0.25260416666666663 0.3740234375
0 0.7994791666666666 0.25732421875 0.23697916666666666 0.3427734375
0 0.8131510416666666 0.53564453125 0.28776041666666663 0.2841796875
0 0.6744791666666666 0.81591796875 0.20052083333333331 0.1416015625
0 0.578125 0.3056640625 0.171875 0.1484375
0 0.45377604166666663 0.166015625 0.39713541666666663 0.32421875
0 0.32682291666666663 0.6328125 0.23958333333333331 0.525390625
0 0.0859375 0.9150390625 0.1640625 0.169921875
0 0.072265625 0.61181640625 0.13411458333333331 0.1240234375
0 0.07877604166666666 0.2158203125 0.14453125 0.419921875
