0 0.9752604166666666 0.74755859375 0.049479166666666664 0.0986328125
0 0.87890625 0.8515625 0.2421875 0.193359375
0 0.771484375 0.5087890625 0.23046875 0.46875
0 0.720703125 0.27783203125 0.55859375 0.2958984375
0 0.25651041666666663 0.1982421875 0.40104166666666663 0.22265625
0 0.171875 0.0556640625 0.31510416666666663 0.109375
0 0.314453125 0.46875 0.28776041666666663 0.4140625
0 0.3723958333333333 0.77294921875 0.21875 0.1904296875
0 0.10091145833333333 0.63916015625 0.18359375 0.1435546875
0 0.16796875 0.8701171875 0.3255208333333333 0.259765625
