0 0.9694010416666666 0.28271484375 0.061197916666666664 0.2294921875
0 0.8932291666666666 0.61328125 0.21354166666666666 0.44140625
0 0.7259114583333333 0.11669921875 0.50390625 0.2275390625
0 0.7018229166666666 0.2734375 0.29947916666666663 0.146484375
0 0.048828125 0.08740234375 0.09505208333333333 0.1201171875
0 0.7018229166666666 0.40380859375 0.3125 0.1220703125
0 0.6360677083333333 0.55224609375 0.21484375 0.1494140625
0 0.53515625 0.91943359375 0.16927083333333331 0.1611328125
0 0.4739583333333333 0.34423828125 0.13802083333333331 0.1455078125
0 0.16276041666666666 0.31298828125 0.11197916666666666 0.2333984375
0 0.22200520833333331 0.40625 0.16796875 0.169921875
0 0.353515625 0.56396484375 0.11067708333333333 0.1044921875
0 0.400390625 0.27734375 0.23828125 0.548828125
0 0.11848958333333333 0.7890625 0.033854166666666664 0.044921875
0 0.041666666666666664 0.654296875 0.05208333333333333 0.056640625
0 0.16080729166666666 0.5830078125 0.16276041666666666 0.13671875
0 0.19075520833333331 0.60107421875 0.10546875 0.2236328125
0 0.3372395833333333 0.68701171875 0.20572916666666666 0.2353515625
0 0.37760416666666663 0.80615234375 0.1484375 0.3076171875
